0 5
0 18
0 22
0 39
0 76
0 81
0 101
0 110
0 112
0 134
0 136
0 138
0 142
0 144
1 6
1 9
1 26
1 33
1 45
1 58
1 65
1 80
1 83
1 88
1 89
1 100
1 110
1 146
2 10
2 11
2 15
2 18
2 26
2 56
2 60
2 91
2 106
2 136
2 142
2 144
3 19
3 21
3 29
3 46
3 48
3 53
3 61
3 65
3 78
3 91
3 97
3 115
3 122
3 131
3 133
3 148
4 10
4 22
4 35
4 57
4 77
4 83
4 101
4 102
4 110
4 118
4 128
4 147
5 15
5 26
5 30
5 39
5 51
5 63
5 70
5 82
5 123
5 125
5 132
5 136
6 1
6 31
6 42
6 50
6 59
6 72
6 80
6 86
6 99
6 101
6 133
7 15
7 36
7 38
7 49
7 52
7 61
7 65
7 66
7 69
7 72
7 76
7 83
7 112
7 123
7 125
7 140
7 143
7 146
8 3
8 7
8 32
8 39
8 85
8 87
8 104
8 109
8 113
8 130
9 4
9 5
9 27
9 40
9 79
9 89
9 107
9 110
9 119
9 137
9 138
10 12
10 14
10 16
10 19
10 33
10 62
10 82
10 89
10 130
10 138
11 4
11 23
11 31
11 33
11 37
11 39
11 45
11 59
11 78
11 128
11 132
11 134
11 149
12 45
12 92
12 101
13 0
13 11
13 37
13 42
13 48
13 87
13 92
13 100
13 111
13 119
13 127
13 130
13 138
13 143
14 0
14 4
14 5
14 9
14 10
14 43
14 44
14 46
14 51
14 55
14 60
14 77
14 86
14 101
14 107
14 115
14 125
14 132
14 147
15 37
15 44
15 45
15 64
15 92
15 94
15 112
15 124
15 130
15 144
16 3
16 17
16 21
16 34
16 43
16 44
16 47
16 56
16 64
16 87
16 98
16 100
16 140
17 10
17 26
17 39
17 65
17 92
17 95
17 99
17 112
17 119
17 121
17 131
17 133
18 27
18 41
18 50
18 68
18 117
18 125
18 130
19 0
19 10
19 28
19 62
19 65
19 70
19 77
19 91
19 117
19 120
19 136
20 1
20 4
20 10
20 12
20 13
20 16
20 18
20 24
20 26
20 40
20 58
20 61
20 67
20 77
20 89
20 114
20 119
20 125
20 132
20 133
20 135
20 138
20 148
21 10
21 11
21 58
21 63
21 74
21 75
21 77
21 84
21 86
21 91
21 97
21 101
21 107
21 108
21 123
22 13
22 16
22 24
22 48
22 49
22 60
22 65
22 69
22 79
22 82
22 90
22 96
22 110
22 119
22 137
23 8
23 25
23 31
23 38
23 46
23 48
23 53
23 85
23 93
23 105
23 109
23 122
24 0
24 12
24 23
24 31
24 33
24 34
24 45
24 81
24 98
24 101
24 111
24 114
24 122
24 135
24 143
24 146
25 69
25 71
25 73
25 81
25 88
25 94
25 98
25 148
26 1
26 19
26 24
26 46
26 58
26 72
26 117
26 133
26 139
26 144
27 4
27 7
27 9
27 13
27 24
27 29
27 34
27 37
27 41
27 42
27 43
27 52
27 74
27 95
27 108
27 111
27 119
27 122
27 135
28 6
28 21
28 23
28 27
28 29
28 41
28 54
28 59
28 138
29 5
29 7
29 8
29 40
29 47
29 56
29 57
29 60
29 62
29 75
29 113
29 114
29 115
29 126
30 26
30 27
30 50
30 56
30 57
30 58
30 62
30 66
30 73
30 81
30 96
30 103
30 121
30 131
31 0
31 14
31 15
31 40
31 46
31 57
31 59
31 60
31 63
31 70
31 80
31 112
31 120
32 1
32 19
32 34
32 38
32 72
32 94
32 108
32 121
32 124
32 127
33 1
33 8
33 32
33 49
33 70
33 85
33 97
33 123
33 134
33 145
34 6
34 25
34 33
34 37
34 38
34 47
34 61
34 63
34 98
34 106
34 111
34 115
34 141
34 148
35 0
35 15
35 21
35 34
35 38
35 50
35 82
35 87
35 95
35 106
35 108
35 121
36 2
36 5
36 12
36 13
36 37
36 42
36 52
36 55
36 86
36 92
36 98
36 112
36 128
37 9
37 75
37 76
37 82
37 85
37 87
37 104
37 142
38 41
38 57
38 104
38 116
38 121
38 124
38 126
38 134
38 144
38 146
39 0
39 8
39 13
39 40
39 56
39 64
39 69
39 86
39 97
39 102
39 123
39 134
40 3
40 13
40 52
40 53
40 61
40 69
40 96
40 112
40 146
41 13
41 21
41 81
41 107
41 111
41 117
41 121
41 140
41 144
41 148
42 0
42 11
42 15
42 20
42 40
42 43
42 86
42 88
42 89
42 92
42 115
43 17
43 23
43 26
43 33
43 36
43 61
43 62
43 65
43 70
43 77
43 80
43 98
43 118
43 119
43 125
43 127
44 0
44 10
44 34
44 68
44 78
44 80
44 93
44 102
44 103
44 116
44 119
44 141
44 145
45 3
45 11
45 28
45 39
45 47
45 61
45 66
45 69
45 73
45 93
45 102
45 107
45 112
45 123
45 135
46 20
46 27
46 44
46 53
46 61
46 85
46 109
46 125
46 137
47 24
47 29
47 56
47 57
47 88
47 100
47 115
47 127
47 135
48 20
48 30
48 32
48 45
48 54
48 57
48 64
48 74
48 85
48 134
48 142
48 144
49 5
49 10
49 16
49 19
49 34
49 45
49 61
49 76
49 93
49 94
49 118
49 120
49 121
49 133
49 142
50 0
50 9
50 10
50 25
50 35
50 56
50 62
50 70
50 86
50 118
50 121
50 127
50 136
50 143
51 15
51 27
51 34
51 44
51 48
51 72
51 74
51 80
51 92
51 99
51 102
51 109
51 111
51 119
51 130
51 144
51 147
51 149
52 15
52 17
52 31
52 33
52 39
52 55
52 78
52 82
52 92
52 95
52 112
52 114
52 116
52 117
52 139
53 2
53 26
53 28
53 36
53 54
53 79
53 107
53 115
53 118
53 123
53 124
53 126
53 130
53 149
54 18
54 23
54 37
54 48
54 65
54 81
54 105
54 118
54 126
54 132
54 141
54 142
55 8
55 29
55 34
55 37
55 58
55 79
55 82
55 88
55 93
55 114
55 126
55 130
55 136
56 8
56 10
56 17
56 29
56 64
56 68
56 75
56 84
56 115
56 119
56 128
56 132
56 140
56 141
57 0
57 1
57 5
57 6
57 18
57 20
57 22
57 33
57 43
57 62
57 102
57 110
57 135
58 0
58 3
58 16
58 27
58 33
58 47
58 50
58 54
58 55
58 59
58 62
58 83
58 86
58 94
58 111
59 6
59 10
59 21
59 30
59 73
59 82
59 85
59 131
59 137
59 146
60 7
60 8
60 11
60 51
60 59
60 72
60 79
60 83
60 103
60 107
60 128
60 131
61 11
61 16
61 35
61 58
61 63
61 68
61 75
61 101
61 102
61 107
61 113
61 132
62 11
62 29
62 33
62 46
62 61
62 67
62 75
62 110
62 111
62 129
62 132
62 134
62 135
63 17
63 28
63 31
63 43
63 45
63 52
63 66
63 81
63 83
63 85
63 95
63 108
63 111
63 120
63 129
63 146
64 2
64 15
64 91
64 93
64 107
64 112
64 114
64 140
64 145
65 0
65 2
65 5
65 27
65 28
65 39
65 58
65 72
65 76
65 100
65 108
65 116
65 119
65 127
66 27
66 56
66 68
66 93
66 98
66 120
67 15
67 21
67 43
67 50
67 75
67 76
67 87
67 96
67 100
67 102
67 111
67 118
67 122
67 124
67 125
68 15
68 18
68 27
68 28
68 56
68 58
68 62
68 64
68 86
68 110
68 138
68 143
68 146
69 3
69 10
69 20
69 21
69 47
69 62
69 64
69 66
69 87
69 94
69 130
69 142
69 143
70 1
70 4
70 16
70 28
70 42
70 44
70 48
70 53
70 56
70 69
70 78
70 82
70 96
70 104
70 112
70 142
70 147
71 4
71 16
71 28
71 43
71 70
71 79
71 87
71 126
71 128
72 11
72 23
72 37
72 42
72 55
72 81
72 85
72 93
73 3
73 12
73 37
73 65
73 70
73 78
73 80
73 87
73 117
73 122
73 123
73 126
73 128
73 142
73 145
73 147
74 22
74 66
74 97
74 106
74 113
74 115
74 117
74 120
74 132
74 134
74 141
74 145
75 17
75 18
75 27
75 36
75 37
75 52
75 107
75 109
75 114
75 121
75 129
75 134
75 138
76 0
76 9
76 11
76 12
76 13
76 27
76 50
76 62
76 63
76 71
76 74
76 79
76 101
76 136
77 35
77 51
77 65
77 100
77 128
78 0
78 23
78 43
78 59
78 94
78 105
78 125
78 133
79 7
79 15
79 24
79 49
79 51
79 68
79 73
79 80
79 82
79 88
79 89
79 90
79 93
79 95
79 96
79 98
79 99
79 110
79 117
79 119
79 127
79 137
79 138
79 149
80 8
80 32
80 55
80 59
80 74
80 79
80 81
80 92
80 104
80 130
80 140
81 15
81 38
81 64
81 65
81 82
81 86
81 96
81 101
81 103
81 121
81 126
82 42
82 52
82 57
82 77
82 114
82 119
82 132
83 3
83 17
83 19
83 25
83 41
83 52
83 74
83 90
83 94
83 100
83 116
83 125
83 129
83 131
83 139
84 20
84 55
84 74
84 77
84 108
84 117
84 126
84 149
85 13
85 15
85 19
85 52
85 57
85 60
85 67
85 68
85 80
85 93
85 99
85 119
85 120
85 121
85 128
85 130
85 141
86 7
86 25
86 30
86 31
86 43
86 46
86 52
86 64
86 83
86 91
86 99
86 109
86 120
86 121
87 45
87 53
87 57
87 79
87 82
87 83
87 95
87 115
87 129
87 135
87 140
87 145
87 147
88 0
88 8
88 10
88 17
88 22
88 27
88 29
88 50
88 71
88 92
88 94
88 103
88 111
88 146
89 4
89 9
89 11
89 14
89 20
89 34
89 39
89 49
89 57
89 67
89 104
89 115
89 117
89 122
89 128
89 135
90 4
90 22
90 55
90 65
90 66
90 73
90 81
90 93
90 106
90 107
90 112
90 145
91 42
91 50
91 52
91 57
91 63
91 81
91 83
91 92
91 98
91 104
92 5
92 14
92 22
92 31
92 32
92 34
92 66
92 77
92 90
92 110
92 115
92 138
92 143
93 5
93 18
93 20
93 22
93 47
93 53
93 56
93 64
93 66
93 79
93 102
93 105
94 18
94 37
94 39
94 40
94 60
94 78
94 86
94 116
94 121
94 125
94 133
94 138
94 148
95 6
95 16
95 21
95 23
95 75
95 104
95 108
95 120
95 126
95 131
96 21
96 51
96 78
96 89
96 92
96 100
96 103
96 110
96 112
96 122
96 138
96 144
96 145
96 147
96 149
97 26
97 28
97 55
97 61
97 72
97 87
97 89
97 96
97 115
97 119
97 148
98 15
98 27
98 42
98 51
98 58
98 92
98 93
98 119
98 125
98 127
98 128
99 7
99 17
99 54
99 74
99 78
99 81
99 90
99 97
99 109
99 130
99 145
99 149
100 34
100 43
100 45
100 56
100 91
100 96
100 149
101 1
101 9
101 40
101 44
101 53
101 72
101 89
101 90
101 103
101 110
101 147
102 4
102 11
102 38
102 58
102 70
102 116
102 139
102 144
103 20
103 21
103 24
103 32
103 49
103 89
103 114
103 130
103 145
104 3
104 4
104 13
104 56
104 58
104 73
104 109
104 112
104 113
104 125
104 131
104 132
104 135
105 6
105 23
105 25
105 33
105 59
105 61
105 77
105 96
105 104
105 112
105 114
105 121
105 126
106 2
106 12
106 16
106 60
106 74
106 96
106 105
106 108
106 125
106 140
106 143
106 148
107 3
107 26
107 32
107 33
107 42
107 55
107 61
107 80
107 104
107 110
107 114
107 141
108 0
108 47
108 52
108 57
108 59
108 85
108 86
108 124
108 127
108 128
108 135
108 136
109 5
109 15
109 39
109 44
109 56
109 57
109 63
109 87
109 99
109 110
109 120
109 136
109 139
110 12
110 17
110 29
110 33
110 50
110 84
110 90
110 92
110 106
110 134
110 143
110 147
111 2
111 7
111 9
111 22
111 25
111 43
111 44
111 116
112 4
112 13
112 23
112 26
112 27
112 29
112 31
112 36
112 58
112 66
112 68
112 111
112 113
112 119
112 138
112 142
112 145
113 1
113 14
113 15
113 20
113 22
113 36
113 47
113 64
113 85
113 102
113 130
113 134
113 141
114 19
114 35
114 44
114 51
114 76
114 78
114 83
114 90
114 110
114 144
115 11
115 20
115 49
115 51
115 61
115 77
115 108
115 109
115 127
115 147
116 3
116 9
116 16
116 27
116 28
116 44
116 54
116 85
116 107
116 109
116 111
116 112
116 123
116 134
116 140
117 7
117 20
117 25
117 33
117 34
117 36
117 72
117 75
117 99
117 123
117 132
117 135
117 139
118 1
118 44
118 62
118 74
118 79
118 91
118 92
118 103
118 114
118 117
118 140
118 141
119 8
119 11
119 25
119 42
119 43
119 45
119 46
119 52
119 73
119 87
119 90
119 95
119 97
119 101
119 110
119 121
119 125
119 131
119 146
119 148
120 8
120 37
120 40
120 44
120 52
120 53
120 57
120 62
120 66
120 112
120 113
120 115
120 131
120 146
121 12
121 15
121 32
121 51
121 56
121 86
121 125
122 13
122 20
122 28
122 39
122 51
122 93
122 98
122 112
122 115
122 130
122 137
122 142
122 148
123 3
123 12
123 14
123 29
123 37
123 39
123 56
123 65
123 77
123 103
123 117
123 119
124 37
124 71
124 80
124 81
124 90
124 94
124 95
124 122
124 134
124 147
125 15
125 31
125 34
125 38
125 68
125 70
125 84
125 85
125 89
125 103
125 110
125 119
125 131
125 136
126 0
126 16
126 26
126 30
126 50
126 62
126 76
126 80
126 84
126 89
126 91
126 93
127 1
127 6
127 24
127 41
127 52
127 68
127 71
127 73
127 79
127 91
127 147
128 0
128 6
128 25
128 26
128 66
128 77
128 91
128 109
128 114
128 134
128 149
129 1
129 21
129 33
129 34
129 40
129 64
129 68
129 71
129 77
129 85
129 102
129 103
129 106
129 107
129 115
129 119
129 126
129 134
130 17
130 44
130 53
130 78
130 86
130 99
130 103
130 116
130 122
130 126
130 131
130 148
131 2
131 3
131 13
131 35
131 40
131 53
131 57
131 61
131 65
131 73
131 75
131 78
131 81
131 95
131 110
131 135
132 24
132 37
132 44
132 45
132 59
132 60
132 76
132 79
132 91
132 97
132 110
132 127
133 8
133 12
133 14
133 23
133 31
133 32
133 47
133 56
133 60
133 70
133 72
133 86
133 89
133 90
133 95
133 101
133 123
133 124
133 148
134 57
134 70
134 92
134 117
134 125
134 142
135 27
135 31
135 33
135 42
135 55
135 62
135 98
135 107
135 119
135 127
135 133
135 148
136 7
136 30
136 41
136 54
136 69
136 78
136 110
136 124
136 129
136 149
137 8
137 16
137 49
137 53
137 66
137 70
137 71
137 75
137 79
137 83
137 90
137 99
137 116
137 136
137 140
137 147
138 14
138 23
138 29
138 31
138 32
138 43
138 51
138 57
138 61
138 63
138 64
138 82
138 94
138 135
138 148
139 9
139 25
139 51
139 96
139 110
139 113
140 10
140 14
140 30
140 53
140 61
140 66
140 69
140 79
140 81
140 99
140 105
140 134
140 138
141 19
141 23
141 31
141 36
141 59
141 108
141 109
141 127
141 131
141 134
141 147
142 11
142 25
142 45
142 49
142 54
142 83
142 91
142 101
142 113
142 115
142 116
142 133
142 144
142 148
143 14
143 28
143 38
143 47
143 85
143 99
143 103
143 110
143 112
143 115
143 117
143 121
143 136
143 146
144 7
144 8
144 17
144 18
144 23
144 25
144 30
144 36
144 38
144 54
144 55
144 57
144 58
144 77
144 108
144 118
144 122
144 128
144 130
144 131
144 145
145 18
145 48
145 49
145 52
145 60
145 62
145 65
145 76
145 105
145 114
145 115
145 117
145 121
146 3
146 5
146 9
146 29
146 38
146 53
146 59
146 81
146 111
146 117
146 135
147 8
147 15
147 27
147 43
147 70
147 78
147 81
147 84
147 93
147 119
147 144
147 145
148 0
148 6
148 15
148 17
148 20
148 27
148 31
148 37
148 44
148 47
148 50
148 89
148 99
148 103
148 114
148 137
149 21
149 27
149 43
149 50
149 52
149 62
149 63
149 71
149 105
149 107
149 121
149 129
149 140
149 147
