0 5
0 7
0 42
0 45
0 65
0 72
0 91
0 112
0 113
0 115
0 117
0 130
0 136
0 137
1 28
1 33
1 34
1 37
1 40
1 43
1 64
1 73
1 84
1 91
1 94
1 118
1 129
1 140
1 147
2 4
2 15
2 38
2 39
2 45
2 69
2 75
2 82
2 130
2 143
3 9
3 24
3 31
3 38
3 44
3 66
3 99
3 111
3 116
4 10
4 19
4 20
4 38
4 40
4 46
4 51
4 76
4 85
4 100
4 116
4 125
4 132
5 29
5 47
5 70
5 74
5 75
5 86
5 92
5 102
5 103
5 117
5 118
5 137
6 1
6 2
6 14
6 19
6 41
6 42
6 44
6 88
6 108
6 113
6 123
6 129
6 138
7 23
7 26
7 27
7 71
7 111
7 119
7 125
7 134
7 146
8 16
8 33
8 37
8 62
8 67
8 76
8 83
8 98
8 121
8 136
8 140
8 142
8 144
9 39
9 41
9 43
9 54
9 61
9 65
9 95
9 101
9 105
9 127
9 140
10 24
10 31
10 33
10 44
10 56
10 61
10 65
10 75
10 82
10 96
10 112
10 120
10 128
10 129
10 136
11 6
11 19
11 31
11 55
11 68
11 70
11 72
11 84
11 88
11 93
11 101
11 105
11 106
11 108
11 118
11 123
11 130
12 2
12 6
12 9
12 13
12 14
12 24
12 25
12 26
12 52
12 53
12 57
12 100
12 103
12 111
12 117
12 138
13 20
13 31
13 56
13 57
13 71
13 82
13 94
13 95
13 112
13 124
13 143
13 149
14 10
14 24
14 25
14 31
14 36
14 45
14 46
14 50
14 58
14 63
14 67
14 76
14 82
14 94
14 106
14 108
14 120
14 123
14 128
14 135
15 14
15 18
15 41
15 82
15 87
15 94
15 96
15 121
15 123
15 124
15 126
15 129
15 146
15 149
16 27
16 49
16 59
16 66
16 86
16 88
16 90
16 103
16 107
16 119
16 120
16 144
16 149
17 19
17 25
17 34
17 57
17 61
17 69
17 110
17 126
17 136
18 6
18 9
18 23
18 30
18 32
18 40
18 52
18 60
18 67
18 69
18 108
18 116
18 127
18 129
19 17
19 18
19 32
19 40
19 44
19 45
19 69
19 78
19 87
19 91
19 97
19 99
19 109
19 112
19 121
19 125
19 128
19 133
19 134
19 137
19 140
20 4
20 5
20 9
20 10
20 54
20 71
20 101
20 110
20 111
21 20
21 32
21 38
21 50
21 61
21 76
21 79
21 86
21 108
21 118
21 124
21 131
21 135
21 137
22 6
22 7
22 13
22 16
22 21
22 52
22 81
22 86
22 108
22 119
22 134
23 13
23 15
23 36
23 45
23 52
23 57
23 63
23 76
23 88
23 95
23 98
23 113
23 114
23 118
23 125
23 135
24 19
24 27
24 40
24 56
24 57
24 69
24 95
24 101
24 107
24 122
24 127
24 130
24 138
25 6
25 30
25 33
25 55
25 77
25 84
25 85
25 125
25 138
25 143
25 148
26 4
26 8
26 43
26 56
26 58
26 68
26 84
26 85
26 89
26 96
26 112
26 113
26 136
26 145
26 146
27 12
27 14
27 43
27 48
27 65
27 84
27 91
27 98
27 107
27 110
27 142
27 143
28 6
28 12
28 13
28 53
28 59
28 74
28 91
28 93
28 94
28 108
28 137
28 142
28 144
29 6
29 10
29 14
29 22
29 25
29 40
29 44
29 47
29 83
29 132
30 3
30 38
30 56
30 60
30 86
30 106
30 117
31 18
31 19
31 29
31 33
31 42
31 51
31 81
31 99
31 103
31 113
31 123
31 127
31 129
31 143
32 1
32 9
32 10
32 53
32 55
32 82
32 91
32 141
32 143
32 145
33 4
33 8
33 21
33 25
33 27
33 58
33 59
33 79
33 81
33 84
33 86
33 89
33 94
33 128
33 130
34 9
34 44
34 58
34 69
34 100
34 123
34 130
34 140
34 146
35 6
35 8
35 52
35 71
35 94
35 126
35 138
36 6
36 11
36 12
36 19
36 41
36 44
36 48
36 64
36 70
36 74
36 83
36 84
36 89
36 102
36 127
36 128
37 0
37 4
37 30
37 62
37 77
37 93
37 115
37 125
37 128
37 131
37 146
38 3
38 29
38 45
38 66
38 72
38 78
38 80
38 81
38 92
38 103
38 110
39 3
39 16
39 35
39 36
39 45
39 88
39 98
39 102
39 109
39 126
39 129
39 137
39 139
39 145
40 39
40 68
40 73
40 84
40 99
40 116
40 118
41 0
41 2
41 21
41 40
41 74
41 91
41 102
41 103
41 108
41 115
41 117
41 129
41 138
42 12
42 38
42 60
42 62
42 64
42 100
42 103
42 106
42 112
42 123
42 125
42 141
43 12
43 59
43 65
43 68
43 97
43 100
43 102
43 106
43 110
43 118
43 145
44 0
44 50
44 52
44 66
44 75
44 102
44 119
44 124
45 23
45 33
45 49
45 64
45 69
45 81
45 111
45 115
45 116
45 126
45 137
45 147
46 12
46 31
46 36
46 49
46 56
46 67
46 74
46 78
46 102
46 105
46 115
46 118
46 141
46 148
46 149
47 5
47 23
47 27
47 32
47 35
47 56
47 58
47 62
47 72
47 80
47 99
47 102
47 108
47 112
47 123
47 125
48 4
48 18
48 21
48 44
48 46
48 51
48 55
48 58
48 63
48 79
48 90
48 101
48 127
48 138
48 143
48 144
49 18
49 19
49 21
49 29
49 43
49 50
49 62
49 78
49 79
49 85
49 107
49 129
50 1
50 7
50 36
50 43
50 51
50 58
50 68
50 70
50 77
50 113
50 137
51 0
51 2
51 4
51 16
51 27
51 32
51 39
51 53
51 76
51 95
51 110
51 112
51 132
52 22
52 62
52 68
52 71
52 75
52 85
52 87
52 140
52 144
53 4
53 5
53 22
53 24
53 37
53 43
53 50
53 70
53 91
53 103
53 115
53 124
54 0
54 11
54 12
54 18
54 20
54 38
54 39
54 41
54 58
54 73
54 80
54 85
54 88
54 99
54 134
54 141
55 22
55 48
55 72
55 81
55 88
55 89
55 106
55 113
55 121
55 124
55 145
56 0
56 50
56 61
56 70
56 109
56 112
56 145
56 146
57 7
57 17
57 23
57 28
57 36
57 39
57 42
57 49
57 63
57 83
57 110
57 117
57 126
57 133
57 137
57 146
58 2
58 8
58 20
58 29
58 45
58 55
58 56
58 69
58 78
58 81
58 84
58 96
58 100
58 109
58 120
58 122
59 5
59 34
59 43
59 46
59 78
59 86
59 93
59 97
59 116
59 126
59 127
59 133
59 149
60 7
60 13
60 26
60 34
60 47
60 55
60 95
60 99
60 105
60 107
60 109
60 122
60 144
61 10
61 43
61 46
61 65
61 81
61 96
61 103
61 106
61 109
61 113
61 115
61 128
61 142
61 144
62 1
62 7
62 14
62 23
62 85
62 93
62 100
62 106
62 113
62 146
63 0
63 7
63 18
63 28
63 32
63 51
63 70
63 72
63 74
63 75
63 82
63 124
63 142
64 8
64 34
64 37
64 56
64 76
64 95
64 103
64 111
64 119
64 120
64 122
64 125
64 128
64 133
65 24
65 34
65 44
65 89
65 94
65 100
65 114
65 119
65 131
65 132
66 4
66 6
66 34
66 38
66 40
66 49
66 55
66 112
66 127
66 141
66 143
67 2
67 28
67 38
67 59
67 66
67 75
67 79
67 91
67 94
67 102
67 123
67 124
67 136
67 144
67 148
68 25
68 56
68 81
68 94
68 125
68 130
68 138
69 9
69 19
69 29
69 33
69 39
69 43
69 51
69 73
69 78
69 88
69 92
69 98
69 99
69 106
69 108
69 117
69 124
70 5
70 8
70 10
70 15
70 31
70 50
70 60
70 85
70 95
70 99
70 105
70 108
70 112
70 130
70 142
71 3
71 29
71 88
71 94
71 99
71 131
71 144
71 145
71 147
72 5
72 13
72 31
72 37
72 46
72 56
72 61
72 76
72 97
72 103
72 137
73 26
73 34
73 45
73 46
73 57
73 68
73 84
73 95
73 99
73 103
73 109
73 114
73 117
73 134
73 138
74 2
74 28
74 29
74 46
74 50
74 54
74 64
74 66
74 97
74 125
74 126
74 147
75 4
75 9
75 15
75 55
75 57
75 67
75 80
75 86
75 87
75 115
76 10
76 13
76 21
76 52
76 55
76 149
77 1
77 5
77 9
77 17
77 26
77 35
77 38
77 43
77 48
77 52
77 61
77 66
77 71
77 83
77 107
77 131
77 132
77 142
78 4
78 6
78 22
78 36
78 43
78 58
78 79
78 85
78 125
78 128
78 133
78 137
79 7
79 12
79 23
79 42
79 51
79 58
79 76
79 119
79 125
79 132
79 149
80 10
80 28
80 31
80 38
80 41
80 42
80 43
80 45
80 68
80 84
80 110
80 135
81 16
81 25
81 32
81 53
81 54
81 59
81 90
81 110
81 135
81 141
82 12
82 62
82 143
83 15
83 21
83 35
83 52
83 63
83 69
83 85
83 124
83 126
83 135
83 144
83 145
83 147
84 0
84 6
84 26
84 40
84 54
84 71
84 81
84 86
84 95
84 96
84 100
84 101
84 110
84 111
84 121
84 136
84 145
84 148
85 12
85 27
85 40
85 65
85 72
85 79
85 90
85 103
85 110
85 119
85 133
85 149
86 1
86 2
86 57
86 63
86 67
86 76
86 98
86 100
86 101
86 113
86 121
86 135
86 144
87 5
87 16
87 17
87 43
87 56
87 64
87 84
87 86
87 96
87 98
87 106
87 113
87 122
87 131
87 144
88 10
88 47
88 59
88 60
88 62
88 84
88 95
88 96
88 100
88 105
88 113
88 121
88 127
88 140
89 0
89 15
89 29
89 43
89 45
89 47
89 56
89 74
89 81
89 115
89 116
89 124
90 8
90 13
90 18
90 36
90 42
90 69
90 83
90 103
90 108
90 109
90 137
91 6
91 9
91 13
91 29
91 38
91 51
91 58
91 60
91 65
91 67
91 69
91 70
91 92
91 101
91 111
91 136
91 149
92 1
92 3
92 13
92 16
92 18
92 26
92 54
92 76
92 94
92 105
92 114
92 123
92 140
93 3
93 32
93 33
93 43
93 55
93 57
93 62
93 64
93 68
93 83
93 86
93 114
94 20
94 30
94 33
94 56
94 112
94 115
94 123
94 131
94 133
95 13
95 17
95 37
95 58
95 66
95 96
95 102
95 116
95 129
95 134
96 12
96 31
96 34
96 36
96 37
96 42
96 47
96 59
96 76
96 77
96 81
96 109
96 116
96 117
96 129
97 14
97 20
97 39
97 43
97 46
97 64
97 76
97 88
97 89
97 103
97 129
97 141
98 1
98 7
98 24
98 27
98 54
98 65
98 67
98 80
98 83
98 85
98 87
98 91
98 113
98 114
98 139
98 148
99 12
99 66
99 108
99 110
99 122
99 129
100 7
100 8
100 17
100 19
100 30
100 38
100 76
100 78
100 116
100 117
101 24
101 25
101 29
101 31
101 34
101 45
101 46
101 47
101 50
101 58
101 65
101 85
101 97
101 108
101 110
101 111
101 134
102 24
102 28
102 52
102 68
102 103
102 117
102 142
103 6
103 42
103 89
103 91
103 133
103 136
103 140
104 4
104 7
104 18
104 25
104 26
104 33
104 54
104 57
104 66
104 68
104 75
104 99
104 103
104 112
104 130
104 147
105 7
105 13
105 18
105 20
105 23
105 48
105 65
105 72
105 78
105 104
105 109
105 115
105 131
106 12
106 15
106 56
106 77
106 80
106 110
106 123
107 5
107 9
107 10
107 19
107 23
107 32
107 35
107 63
107 65
107 74
107 89
107 98
107 103
107 122
107 124
108 16
108 32
108 44
108 50
108 57
108 78
108 88
108 100
108 111
108 132
108 139
108 142
109 5
109 12
109 17
109 31
109 49
109 56
109 62
109 63
109 75
109 81
109 85
109 91
109 108
109 116
109 131
109 147
110 1
110 28
110 42
110 45
110 61
110 94
110 98
110 101
110 107
110 122
110 144
111 23
111 26
111 40
111 50
111 52
111 69
111 76
111 80
111 87
111 112
111 120
111 121
111 125
111 126
111 135
112 7
112 11
112 16
112 26
112 28
112 38
112 55
112 86
112 103
112 108
112 116
112 125
112 140
113 11
113 17
113 26
113 27
113 59
113 75
113 87
113 90
113 92
113 107
113 134
113 139
113 140
113 143
114 0
114 5
114 11
114 12
114 13
114 14
114 15
114 16
114 18
114 21
114 40
114 48
114 51
114 81
114 88
114 136
114 137
114 148
115 21
115 42
115 47
115 53
115 58
115 114
115 133
115 138
116 1
116 7
116 35
116 48
116 54
116 60
116 65
116 69
116 83
116 87
116 91
116 122
116 127
116 142
117 5
117 14
117 18
117 30
117 57
117 58
117 61
117 91
117 92
117 100
117 105
117 107
117 136
117 139
118 0
118 14
118 18
118 46
118 47
118 51
118 56
118 61
118 66
118 106
118 132
119 1
119 5
119 9
119 19
119 21
119 24
119 30
119 32
119 40
119 41
119 44
119 47
119 52
119 67
119 79
119 93
119 106
119 107
119 108
119 109
119 117
119 139
119 140
120 27
120 31
120 33
120 34
120 37
120 47
120 50
120 56
120 75
120 89
120 90
120 95
120 96
120 116
120 117
120 124
120 130
120 139
121 9
121 34
121 38
121 39
121 42
121 57
121 69
121 81
121 86
121 87
121 99
121 138
121 144
121 147
122 6
122 13
122 26
122 42
122 60
122 73
122 84
122 91
122 101
122 104
122 130
122 135
122 144
123 20
123 23
123 25
123 34
123 43
123 44
123 59
123 61
123 87
123 94
123 129
123 132
123 148
124 0
124 3
124 13
124 25
124 26
124 34
124 68
124 78
124 110
124 121
124 130
124 133
125 29
125 41
125 47
125 60
125 65
125 107
125 120
125 123
125 124
126 14
126 29
126 34
126 66
126 79
126 84
126 86
126 93
126 106
126 120
126 124
126 128
127 57
127 58
127 71
127 86
127 117
127 125
128 0
128 11
128 21
128 22
128 23
128 42
128 78
128 115
128 137
128 140
128 141
128 145
129 2
129 16
129 20
129 27
129 54
129 58
129 70
129 83
129 96
129 114
129 122
129 134
130 7
130 19
130 28
130 29
130 41
130 56
130 83
130 109
130 117
130 119
130 120
130 145
130 148
131 5
131 18
131 23
131 27
131 48
131 49
131 63
131 69
131 75
131 79
131 83
131 95
131 112
131 121
132 2
132 17
132 31
132 37
132 46
132 50
132 57
132 60
132 61
132 81
132 93
132 103
132 106
132 126
132 129
132 131
133 5
133 13
133 34
133 53
133 54
133 61
133 66
133 68
133 76
133 77
133 135
133 136
133 144
134 12
134 44
134 46
134 64
134 81
134 94
134 103
134 116
134 137
134 144
134 145
135 13
135 43
135 45
135 62
135 70
135 71
135 99
135 103
135 123
135 133
136 5
136 25
136 27
136 28
136 33
136 46
136 82
136 109
136 126
136 127
136 149
137 57
137 74
137 84
137 86
137 89
137 104
137 112
137 125
137 133
137 140
138 33
138 35
138 43
138 53
138 54
138 80
138 85
138 96
138 105
138 119
138 134
139 2
139 7
139 13
139 30
139 34
139 39
139 45
139 54
139 55
139 67
139 68
139 69
139 98
139 116
139 124
139 131
139 134
139 138
140 4
140 12
140 13
140 17
140 25
140 29
140 32
140 55
140 60
140 61
140 67
140 72
140 77
140 84
140 85
140 87
140 88
140 93
140 96
140 105
140 116
140 120
140 135
140 137
140 148
141 6
141 32
141 40
141 43
141 66
141 68
141 89
141 112
141 129
141 137
141 145
141 147
142 14
142 28
142 35
142 61
142 79
142 87
142 89
142 90
142 94
142 102
142 122
142 132
142 135
143 3
143 39
143 67
143 96
143 106
143 109
143 120
143 121
143 135
144 4
144 12
144 16
144 31
144 68
144 88
144 91
144 94
144 97
144 102
144 116
145 0
145 3
145 10
145 59
145 60
145 92
145 101
145 115
145 119
145 123
145 144
146 8
146 20
146 53
146 70
146 72
146 87
146 97
146 99
146 104
146 113
146 128
146 138
146 139
146 143
146 148
147 8
147 9
147 41
147 50
147 67
147 71
147 79
147 87
147 124
147 126
147 134
147 142
148 14
148 16
148 33
148 54
148 95
148 117
148 124
149 47
149 58
149 64
149 75
149 91
149 106
149 115
149 136
149 140
149 147
