0 7
0 13
0 23
0 25
0 26
0 29
0 32
0 40
0 41
0 70
0 84
0 87
0 98
0 106
0 140
0 144
0 148
1 6
1 16
1 26
1 45
1 67
1 71
1 80
1 102
1 111
1 126
1 136
2 1
2 13
2 29
2 30
2 35
2 44
2 50
2 62
2 83
2 84
2 88
2 96
2 109
2 110
2 114
2 115
2 125
2 134
2 139
3 7
3 10
3 11
3 24
3 34
3 49
3 60
3 98
3 119
3 120
3 135
3 142
3 145
3 148
4 1
4 18
4 27
4 57
4 72
4 76
4 85
4 87
4 94
4 95
4 97
4 112
4 129
5 0
5 16
5 21
5 27
5 30
5 49
5 69
5 78
5 79
5 81
5 83
5 99
5 100
5 103
5 105
5 108
5 112
5 122
6 3
6 12
6 28
6 39
6 46
6 59
6 68
6 75
6 95
6 101
6 112
6 113
6 118
6 137
6 147
7 8
7 11
7 35
7 36
7 40
7 42
7 45
7 75
7 87
7 97
7 99
7 101
7 103
7 124
7 128
7 136
7 148
8 7
8 12
8 18
8 19
8 51
8 53
8 55
8 56
8 67
8 86
8 105
8 114
8 137
9 10
9 26
9 45
9 72
9 73
9 84
9 97
9 117
10 0
10 26
10 39
10 40
10 47
10 53
10 57
10 74
10 79
10 114
10 121
10 134
11 26
11 81
11 100
11 107
11 111
11 141
11 147
11 149
12 15
12 33
12 49
12 51
12 61
12 74
12 85
12 98
12 120
12 124
12 136
13 0
13 7
13 26
13 63
13 84
13 90
13 94
13 97
13 104
13 118
13 132
13 133
13 141
14 2
14 15
14 28
14 31
14 33
14 51
14 66
14 87
14 104
14 120
14 127
14 132
15 0
15 5
15 7
15 22
15 41
15 46
15 111
15 136
15 143
15 145
16 13
16 15
16 33
16 35
16 36
16 37
16 45
16 48
16 49
16 53
16 54
16 75
16 82
16 93
16 95
16 100
16 121
16 129
16 146
17 6
17 13
17 29
17 40
17 46
17 52
17 59
17 69
17 107
17 109
17 139
18 1
18 2
18 8
18 24
18 30
18 44
18 72
18 83
18 84
18 110
18 134
18 148
19 28
19 32
19 46
19 63
19 65
19 88
19 123
19 130
19 131
19 146
20 42
20 54
20 78
20 87
20 88
20 96
20 102
20 107
20 109
20 149
21 1
21 2
21 19
21 49
21 50
21 51
21 56
21 69
21 89
21 97
21 101
21 120
21 123
21 128
21 138
21 143
21 148
22 14
22 15
22 31
22 47
22 75
22 87
22 97
22 99
22 107
22 119
22 124
22 129
22 135
23 9
23 16
23 34
23 38
23 39
23 40
23 48
23 56
23 57
23 63
23 98
23 115
23 119
23 125
23 133
24 8
24 18
24 35
24 39
24 60
24 80
24 97
24 99
24 123
24 125
24 143
24 145
25 19
25 29
25 30
25 50
25 52
25 59
25 80
25 94
25 96
25 131
25 137
26 2
26 3
26 5
26 9
26 24
26 48
26 68
26 88
26 99
26 104
26 121
26 123
26 129
27 1
27 3
27 11
27 21
27 57
27 58
27 62
27 99
27 104
27 119
27 133
27 138
27 144
28 5
28 16
28 44
28 64
28 78
28 88
28 97
28 121
28 144
29 3
29 42
29 44
29 51
29 54
29 78
29 80
29 90
29 94
29 96
29 98
29 113
29 115
29 122
29 140
29 142
29 149
30 6
30 49
30 59
30 65
30 66
30 67
30 74
30 79
30 88
30 112
30 116
30 139
30 148
31 9
31 12
31 28
31 36
31 41
31 53
31 68
31 72
31 79
31 84
31 107
31 119
31 141
32 17
32 33
32 51
32 54
32 59
32 60
32 61
32 66
32 87
32 105
32 128
32 130
32 132
32 143
33 4
33 15
33 25
33 27
33 61
33 65
33 89
33 101
33 107
33 108
33 122
33 129
33 134
33 135
33 148
34 18
34 23
34 26
34 56
34 61
34 64
34 69
34 92
34 106
34 115
34 132
34 136
35 4
35 22
35 33
35 38
35 41
35 64
35 68
35 75
35 77
35 79
35 117
35 120
35 127
35 140
35 147
36 4
36 9
36 13
36 32
36 80
36 92
37 0
37 16
37 20
37 23
37 38
37 49
37 71
37 80
37 99
37 113
37 120
37 137
37 147
38 6
38 12
38 93
39 7
39 16
39 29
39 42
39 45
39 58
39 93
39 103
39 109
39 111
39 122
40 2
40 21
40 24
40 31
40 34
40 36
40 69
40 95
40 98
40 114
40 142
41 3
41 4
41 12
41 16
41 21
41 27
41 44
41 54
41 62
41 75
41 78
41 90
41 93
41 95
41 97
41 115
41 134
41 143
42 0
42 5
42 14
42 23
42 28
42 29
42 50
42 56
42 57
42 58
42 70
42 99
42 104
42 118
42 121
42 135
42 136
43 58
43 74
43 75
43 100
43 104
43 125
43 126
43 129
43 131
43 132
44 11
44 29
44 35
44 67
44 79
44 94
44 96
44 100
44 118
44 121
44 122
44 124
44 132
44 144
44 148
45 11
45 13
45 18
45 20
45 46
45 53
45 93
45 108
45 110
45 126
45 140
45 147
46 29
46 53
46 61
46 70
46 116
46 132
46 139
46 141
46 145
46 146
47 4
47 35
47 41
47 43
47 64
47 67
47 96
47 123
47 132
47 147
48 13
48 20
48 24
48 39
48 43
48 53
48 67
48 103
48 104
48 107
48 121
48 134
48 148
49 6
49 22
49 28
49 33
49 37
49 39
49 48
49 62
49 76
49 83
49 89
49 106
49 111
49 120
49 123
49 134
49 135
49 140
50 10
50 45
50 49
50 52
50 62
50 79
50 94
50 95
50 104
50 121
50 122
50 137
51 35
51 75
51 76
51 77
51 83
51 125
51 127
51 140
52 9
52 12
52 34
52 51
52 61
52 66
52 69
52 73
52 74
52 84
52 85
52 86
52 87
52 98
52 121
52 126
53 1
53 29
53 33
53 35
53 55
53 66
53 72
53 82
53 92
53 106
53 121
53 122
53 127
53 128
53 129
53 135
54 26
54 27
54 46
54 67
54 73
54 83
54 99
54 118
54 140
54 141
55 1
55 12
55 34
55 41
55 47
55 57
55 69
55 80
55 96
55 108
55 124
55 126
55 137
56 7
56 20
56 27
56 35
56 39
56 42
56 63
56 68
56 103
56 121
56 134
56 146
57 12
57 26
57 34
57 53
57 61
57 62
57 73
57 127
57 128
57 135
57 142
57 143
58 9
58 11
58 13
58 15
58 30
58 55
58 56
58 66
58 109
58 144
58 148
59 41
59 44
59 57
59 77
59 78
59 79
59 89
59 121
59 138
59 149
60 3
60 15
60 16
60 17
60 55
60 78
60 79
60 121
60 126
60 135
60 139
60 141
60 147
61 4
61 17
61 26
61 52
61 66
61 74
61 99
61 116
61 122
61 129
61 135
61 136
61 146
62 2
62 9
62 29
62 45
62 71
62 85
62 135
63 3
63 4
63 68
63 71
63 79
63 92
63 93
63 96
63 107
63 119
64 3
64 5
64 15
64 27
64 77
64 97
64 101
64 103
64 107
64 134
64 139
65 7
65 8
65 11
65 52
65 56
65 66
65 67
65 97
65 98
65 115
65 140
66 12
66 28
66 34
66 41
66 42
66 90
66 91
66 94
66 95
66 107
66 112
66 114
66 127
67 22
67 25
67 37
67 38
67 61
67 131
68 20
68 26
68 33
68 37
68 41
68 82
68 93
68 95
68 100
68 124
68 134
68 136
69 4
69 8
69 10
69 21
69 26
69 43
69 62
69 68
69 70
69 75
69 87
69 103
69 114
70 32
70 34
70 38
70 51
70 63
70 87
70 103
70 115
70 134
70 147
71 4
71 39
71 49
71 65
71 68
71 81
71 86
71 89
71 90
71 100
71 122
71 128
71 142
72 2
72 9
72 37
72 38
72 39
72 52
72 65
72 69
72 73
72 86
72 89
72 121
72 135
73 21
73 30
73 51
73 52
73 54
73 124
73 131
73 138
73 139
73 148
74 6
74 16
74 17
74 26
74 30
74 33
74 43
74 49
75 4
75 47
75 51
75 55
75 74
75 76
75 81
75 88
75 116
75 136
75 148
76 34
76 41
76 55
76 65
76 70
76 75
76 78
76 88
76 96
77 7
77 11
77 15
77 29
77 42
77 60
77 62
77 117
77 128
77 131
77 137
77 149
78 3
78 7
78 15
78 19
78 29
78 42
78 43
78 49
78 56
78 64
78 68
78 74
78 86
78 90
78 94
78 101
78 104
78 126
78 139
79 10
79 31
79 41
79 62
79 73
79 114
79 144
79 146
80 6
80 43
80 86
80 92
80 96
80 117
80 126
80 128
80 136
80 145
81 12
81 18
81 28
81 33
81 43
81 47
81 48
81 73
81 75
81 79
81 120
81 134
82 7
82 16
82 19
82 28
82 41
82 47
82 60
82 61
82 65
82 89
82 91
82 99
82 100
82 107
82 115
82 126
82 139
82 143
82 147
82 149
83 3
83 30
83 69
83 77
83 79
83 87
83 112
83 130
83 138
83 146
84 8
84 10
84 11
84 32
84 40
84 51
84 56
84 57
84 61
84 66
84 70
84 139
84 148
85 15
85 22
85 56
85 66
85 74
85 80
85 81
85 95
85 100
85 105
85 113
85 116
85 128
85 129
85 146
86 0
86 10
86 14
86 20
86 51
86 83
86 92
86 109
86 139
86 143
87 11
87 39
87 49
87 67
87 81
87 95
87 103
87 109
87 129
87 132
87 135
87 141
87 143
87 145
87 147
88 15
88 31
88 46
88 51
88 54
88 63
88 67
88 81
88 82
88 102
89 4
89 21
89 23
89 28
89 48
89 50
89 52
89 53
89 57
89 68
89 70
89 90
89 93
89 101
89 134
89 144
90 8
90 17
90 21
90 22
90 35
90 48
90 81
90 84
90 85
90 86
90 87
90 106
90 122
90 132
90 133
90 135
91 3
91 4
91 35
91 39
91 46
91 67
91 93
91 137
91 140
92 19
92 34
92 57
92 68
92 69
92 79
92 80
92 88
92 89
92 98
92 99
92 101
92 115
92 144
93 8
93 20
93 29
93 30
93 110
93 111
93 116
93 123
93 127
93 136
93 137
93 145
94 11
94 16
94 30
94 47
94 58
94 62
94 103
94 107
94 119
94 120
94 127
95 4
95 25
95 26
95 30
95 53
95 68
95 79
95 82
95 83
95 91
95 117
95 132
95 135
95 140
95 142
96 12
96 19
96 35
96 56
96 57
96 66
96 80
96 114
96 117
96 132
96 133
96 135
96 147
96 148
97 11
97 65
97 77
97 78
97 82
97 88
97 93
97 125
97 128
97 130
97 133
97 139
98 7
98 13
98 17
98 39
98 70
98 77
98 79
98 84
98 105
98 107
98 116
98 122
98 135
98 146
99 9
99 22
99 38
99 42
99 61
99 75
99 76
99 77
99 83
99 85
99 88
99 107
99 111
99 148
100 6
100 15
100 19
100 50
100 61
100 64
100 67
100 73
100 74
100 80
100 87
100 141
100 144
100 146
101 0
101 35
101 45
101 52
101 57
101 61
101 81
101 83
101 92
101 95
101 139
102 18
102 24
102 41
102 42
102 62
102 64
102 67
102 93
102 114
102 122
102 127
102 129
102 131
102 138
102 149
103 12
103 15
103 20
103 40
103 41
103 89
103 98
103 106
103 112
103 116
103 128
103 134
104 10
104 16
104 31
104 38
104 47
104 59
104 63
104 75
104 77
104 86
104 132
104 138
105 10
105 18
105 19
105 44
105 54
105 71
105 72
105 79
105 100
105 110
106 31
106 34
106 56
106 98
106 109
106 123
106 132
107 46
107 56
107 57
107 58
107 78
107 120
107 121
107 125
107 128
107 135
107 144
108 19
108 21
108 37
108 39
108 45
108 60
108 82
108 86
108 91
108 98
108 104
108 118
108 129
108 131
108 139
109 24
109 29
109 47
109 69
109 70
109 82
109 87
109 91
109 98
109 100
109 103
110 22
110 40
110 42
110 64
110 86
110 98
110 111
110 119
110 146
111 12
111 35
111 40
111 51
111 53
111 59
111 68
111 73
111 90
111 115
111 140
112 3
112 8
112 18
112 20
112 23
112 27
112 34
112 36
112 38
112 44
112 146
112 147
113 3
113 5
113 21
113 29
113 52
113 64
113 82
113 83
113 96
113 98
113 103
113 146
113 148
114 35
114 43
114 46
114 53
114 55
114 56
114 72
114 103
114 105
114 129
114 137
114 139
115 3
115 16
115 22
115 23
115 63
115 71
115 74
115 106
115 128
115 140
115 145
115 146
116 11
116 19
116 59
116 64
116 71
116 79
116 80
116 100
116 112
116 123
116 129
116 134
116 136
116 137
117 2
117 24
117 53
117 75
117 89
117 91
117 121
118 7
118 17
118 31
118 36
118 53
118 59
118 72
118 74
118 86
118 111
118 120
118 134
119 11
119 19
119 21
119 22
119 39
119 48
119 66
119 70
119 76
119 78
119 79
119 101
119 107
119 113
119 145
120 29
120 31
120 42
120 48
120 67
120 68
120 78
120 79
120 84
120 92
120 101
120 102
120 130
120 132
120 135
120 138
120 142
120 144
121 14
121 30
121 34
121 36
121 68
121 75
121 83
121 87
121 102
121 108
121 123
121 133
122 1
122 5
122 23
122 27
122 48
122 62
122 66
122 74
122 80
122 92
122 99
122 106
122 107
122 125
122 130
122 136
122 142
123 19
123 43
123 52
123 54
123 57
123 72
123 93
123 108
123 116
124 13
124 14
124 26
124 32
124 41
124 55
124 56
124 77
124 82
124 96
124 98
124 102
124 112
124 118
124 132
124 134
125 2
125 13
125 34
125 52
125 56
125 64
125 80
125 89
125 99
125 102
125 105
126 3
126 14
126 20
126 33
126 44
126 67
126 77
126 98
126 115
126 125
126 149
127 0
127 3
127 11
127 20
127 70
127 71
127 73
127 74
127 75
127 82
127 85
127 87
127 94
127 97
127 99
127 144
127 147
127 148
128 0
128 17
128 18
128 20
128 37
128 39
128 50
128 87
128 96
128 102
128 113
128 119
128 121
128 126
128 142
129 21
129 49
129 57
129 71
129 84
129 90
129 102
129 116
130 11
130 32
130 40
130 108
130 117
130 122
130 135
131 1
131 11
131 67
131 71
131 92
131 100
131 105
131 117
131 123
131 127
131 136
131 144
131 145
131 148
132 0
132 2
132 28
132 30
132 36
132 44
132 46
132 90
132 119
132 135
132 142
133 6
133 18
133 20
133 49
133 57
133 61
133 91
133 107
133 118
133 127
133 140
134 9
134 20
134 32
134 38
134 41
134 43
134 47
134 63
134 71
134 87
134 94
134 102
134 107
134 115
134 121
134 125
134 128
134 130
134 143
135 18
135 26
135 30
135 33
135 45
135 47
135 49
135 65
135 74
135 87
135 113
135 122
135 124
136 1
136 16
136 30
136 38
136 49
136 52
136 71
136 73
136 75
136 116
136 120
137 10
137 16
137 21
137 22
137 25
137 36
137 45
137 60
137 70
137 86
137 100
137 115
137 118
137 126
137 131
137 135
137 140
137 147
138 17
138 22
138 34
138 38
138 50
138 73
138 82
138 84
138 120
138 122
138 136
138 143
138 149
139 10
139 27
139 38
139 47
139 48
139 54
139 56
139 59
139 65
139 66
139 67
139 68
139 100
139 108
139 112
139 116
139 133
139 138
139 145
139 146
140 10
140 17
140 26
140 61
140 70
140 79
140 81
140 96
140 107
140 120
141 9
141 16
141 19
141 35
141 39
141 61
141 67
141 76
141 79
141 86
141 88
141 114
141 139
141 140
141 144
142 19
142 26
142 38
142 40
142 52
142 56
142 70
142 76
142 105
142 106
142 113
142 115
142 132
142 148
143 55
143 56
143 69
143 93
143 102
143 123
144 3
144 24
144 37
144 41
144 64
144 73
144 119
144 123
144 127
144 140
144 147
145 21
145 46
145 68
145 79
145 84
145 85
145 112
145 119
145 124
145 134
145 141
145 148
146 5
146 13
146 16
146 46
146 47
146 62
146 64
146 65
146 71
146 97
146 122
146 139
147 2
147 22
147 38
147 51
147 52
147 90
147 95
147 96
147 97
147 105
147 115
147 148
148 3
148 19
148 47
148 50
148 51
148 56
148 64
148 76
148 83
148 95
148 97
148 99
148 128
148 146
148 147
149 1
149 35
149 37
149 41
149 52
149 75
149 93
149 102
149 107
149 116
149 125
149 131
149 140
149 143
149 146
