0 29
0 33
0 35
0 41
0 43
0 52
0 62
0 85
0 93
0 100
0 142
1 7
1 8
1 16
1 23
1 26
1 28
1 35
1 36
1 42
1 49
1 57
1 83
1 112
1 123
1 130
1 134
1 145
2 49
2 50
2 52
2 53
2 54
2 89
2 98
2 101
2 106
2 112
2 136
2 142
3 9
3 19
3 21
3 66
3 75
3 85
3 87
3 106
3 125
3 137
4 8
4 26
4 32
4 47
4 49
4 50
4 66
4 68
4 73
4 85
4 99
4 102
4 136
4 142
5 1
5 62
5 69
5 71
5 73
5 75
5 96
5 123
5 128
5 135
5 140
6 60
6 62
6 65
6 79
6 85
6 86
6 118
6 124
6 145
7 22
7 42
7 70
7 81
7 85
7 98
7 100
7 110
7 123
7 126
7 136
7 140
8 14
8 19
8 89
8 112
8 116
8 122
8 137
8 138
8 144
8 148
9 17
9 37
9 50
9 68
9 75
9 99
9 103
9 132
9 137
10 1
10 12
10 27
10 44
10 74
10 78
10 82
11 1
11 47
11 58
11 78
11 83
11 90
11 94
11 108
11 109
11 114
11 127
11 147
12 10
12 13
12 22
12 23
12 38
12 57
12 63
12 75
12 91
12 107
12 127
13 1
13 5
13 27
13 49
13 56
13 74
13 90
13 134
13 135
14 7
14 20
14 23
14 33
14 35
14 43
14 94
14 103
14 104
14 132
14 137
15 0
15 3
15 9
15 22
15 31
15 32
15 35
15 55
15 61
15 81
15 99
15 112
15 113
15 115
15 120
15 121
15 126
15 135
16 17
16 20
16 21
16 23
16 24
16 31
16 35
16 50
16 55
16 70
16 80
16 91
16 104
16 107
17 35
17 50
17 59
17 82
17 93
17 94
17 97
17 99
17 110
17 112
17 114
17 117
17 119
17 134
18 10
18 39
18 46
18 47
18 55
18 108
18 113
18 127
18 137
19 3
19 9
19 23
19 25
19 28
19 34
19 38
19 41
19 45
19 47
19 55
19 66
19 73
19 86
19 92
19 93
19 97
19 98
19 103
19 104
19 117
19 146
20 5
20 10
20 15
20 16
20 51
20 71
20 93
20 110
20 113
20 127
20 132
20 149
21 0
21 15
21 56
21 57
21 58
21 66
21 98
21 106
21 116
21 119
21 124
21 143
22 3
22 12
22 30
22 64
22 70
22 71
22 85
22 86
22 88
22 100
22 104
22 105
22 134
22 136
23 4
23 14
23 34
23 79
23 94
23 100
23 109
23 113
23 119
24 2
24 11
24 13
24 20
24 25
24 41
24 49
24 52
24 56
24 68
24 102
24 106
24 131
25 1
25 4
25 21
25 28
25 36
25 50
25 53
25 73
25 102
25 149
26 10
26 12
26 17
26 24
26 31
26 39
26 43
26 71
26 72
26 108
26 110
26 120
26 122
26 130
26 138
26 142
27 8
27 41
27 61
27 70
27 82
27 96
27 99
27 112
27 113
27 114
27 119
27 134
27 137
27 147
28 3
28 23
28 32
28 35
28 37
28 40
28 49
28 52
28 64
28 68
28 87
28 101
28 119
28 122
28 125
28 143
28 146
29 6
29 12
29 13
29 51
29 62
29 64
29 65
29 74
29 95
29 105
29 111
29 130
30 11
30 12
30 24
30 36
30 37
30 39
30 53
30 59
30 79
30 80
30 91
30 102
30 112
30 143
30 147
31 0
31 12
31 19
31 28
31 44
31 51
31 55
31 65
31 121
31 124
31 128
31 138
31 149
32 23
32 33
32 42
32 46
32 61
32 64
32 70
32 72
32 92
32 116
32 132
32 135
32 138
33 6
33 12
33 24
33 28
33 29
33 36
33 64
33 72
33 83
33 86
33 91
33 98
33 105
33 108
33 116
33 147
34 1
34 3
34 46
34 47
34 77
34 108
34 114
34 132
34 147
35 13
35 14
35 31
35 38
35 51
35 52
35 60
35 62
35 88
35 93
35 127
35 129
35 147
36 40
36 41
36 50
36 91
36 92
36 98
36 108
36 141
37 5
37 17
37 21
37 24
37 54
37 59
37 60
37 65
37 76
37 96
37 105
37 108
37 128
37 135
38 1
38 21
38 24
38 59
38 70
38 80
38 83
38 89
38 98
38 106
38 125
38 127
38 134
39 3
39 29
39 44
39 51
39 61
39 98
39 120
39 131
39 148
40 27
40 42
40 44
40 65
40 71
40 73
40 78
40 81
40 93
40 98
40 104
40 120
40 128
40 137
40 139
40 144
41 31
41 35
41 50
41 55
41 61
41 77
41 88
41 90
41 100
41 117
41 122
41 123
41 124
41 142
42 5
42 14
42 30
42 71
42 114
42 121
42 123
42 130
42 142
43 6
43 11
43 33
43 34
43 38
43 53
43 99
43 122
43 139
43 144
43 148
44 0
44 2
44 3
44 22
44 34
44 49
44 54
44 67
44 78
44 80
44 82
44 94
44 95
44 101
44 103
44 121
44 124
44 135
45 14
45 32
45 49
45 78
45 114
45 131
45 133
45 142
45 144
46 28
46 30
46 39
46 57
46 61
46 101
46 121
46 124
46 137
46 143
47 5
47 8
47 16
47 42
47 64
47 68
47 69
47 75
47 88
47 91
47 92
47 97
47 100
47 102
47 104
47 107
47 118
47 128
47 136
48 5
48 50
48 60
48 64
48 81
48 82
48 103
48 120
48 121
48 124
48 130
48 140
48 148
49 15
49 35
49 37
49 39
49 40
49 74
49 97
49 104
49 112
49 120
49 129
49 133
49 145
49 146
49 147
50 22
50 43
50 52
50 54
50 55
50 56
50 61
50 63
50 76
50 81
50 104
50 107
50 110
50 133
50 137
50 141
51 10
51 24
51 42
51 46
51 48
51 53
51 66
51 67
51 85
51 90
51 97
51 134
51 144
52 3
52 7
52 9
52 10
52 29
52 40
52 76
52 109
52 112
52 133
52 137
52 141
52 146
52 149
53 21
53 22
53 49
53 73
53 86
53 92
53 119
53 135
54 13
54 15
54 28
54 31
54 49
54 68
54 69
54 75
54 81
54 88
54 97
54 111
54 115
54 119
54 139
55 2
55 30
55 48
55 78
55 87
55 97
55 126
55 128
56 2
56 7
56 34
56 51
56 73
56 74
56 95
56 108
56 121
56 124
56 127
56 132
56 147
56 149
57 6
57 13
57 21
57 22
57 28
57 34
57 43
57 49
57 53
57 62
57 64
57 71
57 82
57 108
57 123
57 127
57 142
58 22
58 32
58 43
58 71
58 84
58 87
58 92
58 101
58 105
58 114
58 121
58 138
59 8
59 14
59 77
59 79
59 109
59 119
59 141
60 13
60 16
60 28
60 29
60 57
60 70
60 77
60 81
60 86
60 91
60 92
60 113
60 132
60 135
61 12
61 25
61 28
61 29
61 34
61 41
61 47
61 105
61 110
61 116
61 118
61 119
61 120
62 37
62 48
62 53
62 145
62 149
63 0
63 2
63 19
63 33
63 36
63 49
63 51
63 55
63 78
63 95
63 102
63 105
63 107
63 111
63 122
63 147
64 10
64 12
64 14
64 17
64 19
64 31
64 60
64 70
64 71
64 74
64 80
64 100
64 108
64 110
64 141
64 145
64 147
64 148
65 7
65 8
65 13
65 30
65 32
65 44
65 51
65 67
65 71
65 72
65 74
65 75
65 84
65 94
65 117
65 130
65 138
65 146
66 4
66 5
66 8
66 25
66 57
66 62
66 67
66 80
66 88
66 104
66 111
66 116
66 122
66 133
67 16
67 22
67 27
67 42
67 63
67 89
67 91
67 115
67 135
67 139
67 143
67 148
68 12
68 14
68 15
68 23
68 24
68 34
68 88
68 94
68 97
68 100
68 105
68 122
69 7
69 14
69 37
69 72
69 73
69 96
69 126
69 144
69 148
70 0
70 26
70 46
70 52
70 56
70 79
70 80
70 85
70 86
70 101
70 108
70 129
70 130
70 134
70 136
70 142
70 148
71 11
71 15
71 20
71 21
71 25
71 39
71 44
71 80
71 86
71 94
71 112
71 122
71 127
71 135
71 137
71 138
71 144
71 147
71 148
72 7
72 14
72 49
72 50
72 61
72 64
72 80
72 85
72 101
72 108
72 112
72 136
73 11
73 19
73 31
73 36
73 39
73 43
73 45
73 50
73 56
73 70
73 76
73 84
73 102
73 110
73 122
73 138
74 2
74 5
74 10
74 22
74 25
74 36
74 39
74 83
74 94
74 102
74 129
74 131
74 142
75 12
75 14
75 22
75 31
75 42
75 65
75 106
75 110
75 122
75 138
76 6
76 8
76 13
76 14
76 21
76 56
76 69
76 84
76 119
76 136
77 11
77 18
77 26
77 48
77 57
77 58
77 61
77 76
77 114
77 116
77 117
77 130
78 17
78 64
78 74
78 77
78 90
78 94
78 95
78 114
78 119
78 130
78 142
79 9
79 26
79 29
79 33
79 54
79 61
79 69
79 75
79 85
79 108
79 127
79 129
79 132
79 134
79 139
79 142
80 16
80 21
80 23
80 39
80 41
80 53
80 55
80 57
80 66
80 142
81 10
81 20
81 24
81 29
81 44
81 72
81 75
81 79
81 84
81 96
81 97
81 116
81 124
81 127
81 129
81 130
81 131
81 142
82 31
82 48
82 62
82 74
82 77
82 84
82 85
82 103
82 105
82 106
82 109
82 123
82 129
82 132
82 139
82 145
82 147
83 34
83 49
83 55
83 77
83 85
83 90
83 93
83 96
83 110
83 116
83 123
83 140
83 144
84 15
84 20
84 22
84 29
84 31
84 34
84 43
84 62
84 78
84 97
84 102
84 112
84 115
84 142
85 8
85 18
85 20
85 37
85 43
85 48
85 61
85 70
85 72
85 78
85 79
85 98
85 99
85 103
85 108
85 122
85 124
85 125
85 134
85 142
85 146
85 149
86 24
86 31
86 57
86 114
86 115
86 120
86 132
86 135
86 137
86 142
87 0
87 15
87 37
87 95
87 100
87 129
88 6
88 8
88 22
88 46
88 51
88 68
88 112
88 121
88 124
88 131
88 136
88 144
89 7
89 21
89 40
89 53
89 61
89 84
89 99
89 109
89 117
89 120
89 134
89 140
90 25
90 27
90 29
90 31
90 45
90 59
90 65
90 85
90 89
90 116
91 11
91 22
91 28
91 38
91 41
91 42
91 51
91 54
91 66
91 102
91 107
91 126
91 137
92 10
92 26
92 46
92 66
92 84
92 91
92 97
92 112
92 141
93 16
93 40
93 87
93 105
93 108
93 119
93 126
94 6
94 43
94 60
94 68
94 72
94 111
94 116
94 117
94 121
94 148
95 2
95 17
95 59
95 62
95 84
95 91
95 99
95 100
95 105
95 109
95 142
96 2
96 5
96 9
96 43
96 51
96 55
96 84
96 99
96 123
96 131
96 134
97 8
97 14
97 20
97 21
97 54
97 60
97 63
97 69
97 72
97 96
97 113
97 128
97 129
97 131
97 140
97 143
98 2
98 3
98 11
98 36
98 38
98 69
98 73
98 99
98 109
98 114
98 135
98 139
98 141
98 147
99 6
99 7
99 31
99 49
99 64
99 65
99 74
99 92
99 106
99 111
99 113
99 122
99 132
100 24
100 38
100 59
100 64
100 104
100 116
100 130
100 132
101 3
101 16
101 17
101 34
101 37
101 41
101 84
101 94
101 99
101 106
102 4
102 17
102 26
102 29
102 36
102 43
102 51
102 52
102 56
102 74
102 108
102 131
103 2
103 13
103 25
103 29
103 30
103 42
103 43
103 50
103 75
103 82
103 88
103 104
103 105
103 107
103 108
103 119
103 123
103 129
103 134
104 2
104 9
104 17
104 32
104 33
104 42
104 56
104 93
104 126
104 142
104 148
105 11
105 16
105 35
105 49
105 50
105 59
105 74
105 79
105 84
105 90
105 101
105 136
106 5
106 18
106 36
106 38
106 43
106 57
106 59
106 90
106 111
106 121
106 132
107 10
107 12
107 23
107 26
107 79
107 87
107 108
107 111
107 112
107 131
107 133
107 143
108 9
108 59
108 62
108 63
108 75
108 79
108 95
108 145
109 8
109 45
109 50
109 51
109 54
109 72
109 79
109 88
109 90
109 92
109 99
109 100
109 103
109 120
109 128
109 134
110 6
110 7
110 13
110 42
110 48
110 55
110 69
110 78
110 83
110 85
110 86
110 94
110 109
110 112
110 114
110 122
110 125
111 29
111 38
111 68
111 70
111 80
111 82
111 84
111 130
112 13
112 14
112 15
112 20
112 28
112 30
112 54
112 87
112 88
112 91
112 103
112 143
113 33
113 38
113 42
113 46
113 47
113 53
113 55
113 82
113 95
113 128
113 143
114 13
114 28
114 29
114 56
114 78
114 79
114 83
114 103
114 107
114 113
114 134
114 135
114 137
114 141
114 145
115 11
115 15
115 18
115 33
115 44
115 55
115 71
115 84
115 104
115 112
115 121
115 135
115 137
115 138
115 144
115 149
116 4
116 7
116 9
116 19
116 21
116 23
116 28
116 31
116 45
116 49
116 58
116 59
116 71
116 75
116 85
116 101
116 105
117 23
117 25
117 28
117 71
117 82
117 87
117 97
117 119
117 120
117 127
117 130
118 40
118 41
118 42
118 43
118 66
118 78
118 87
118 106
118 139
119 5
119 14
119 15
119 36
119 48
119 125
119 129
119 133
119 137
120 1
120 36
120 41
120 45
120 54
120 64
120 95
121 3
121 5
121 6
121 13
121 40
121 48
121 54
121 58
121 69
121 87
121 92
121 98
121 100
121 105
121 109
121 111
121 132
121 144
121 145
122 5
122 6
122 11
122 15
122 25
122 27
122 69
122 106
122 141
123 0
123 10
123 38
123 48
123 68
123 78
123 79
123 81
123 90
123 108
123 124
123 126
123 139
123 145
123 147
124 18
124 28
124 32
124 49
124 79
124 97
124 100
124 106
124 108
124 110
124 112
124 127
124 138
125 9
125 31
125 34
125 47
125 58
125 81
125 89
125 93
125 97
125 124
125 129
125 133
126 7
126 8
126 9
126 12
126 16
126 17
126 26
126 31
126 35
126 53
126 65
126 84
126 90
126 104
126 105
126 106
126 110
126 115
126 136
126 145
126 147
126 148
127 17
127 45
127 58
127 86
127 101
127 112
127 144
128 16
128 17
128 29
128 67
128 92
128 96
128 102
128 122
128 138
128 141
129 1
129 54
129 76
129 80
129 82
129 87
129 95
129 96
129 104
129 114
129 134
129 141
130 34
130 50
130 118
130 129
130 134
130 147
131 3
131 8
131 9
131 26
131 56
131 65
131 75
131 78
131 83
131 87
131 116
131 121
131 143
132 5
132 11
132 21
132 40
132 57
132 61
132 70
132 103
132 110
132 115
132 137
132 141
132 143
133 5
133 17
133 36
133 42
133 52
133 55
133 64
133 75
133 77
133 82
133 86
133 110
133 113
133 124
133 136
133 144
134 3
134 4
134 17
134 30
134 33
134 34
134 37
134 71
134 77
134 94
134 105
134 116
134 124
134 132
135 5
135 20
135 25
135 26
135 34
135 50
135 58
135 114
135 125
136 5
136 46
136 47
136 84
136 126
136 144
137 13
137 20
137 62
137 66
137 101
137 108
137 113
137 124
137 128
137 131
137 138
137 145
138 10
138 44
138 52
138 60
138 73
138 89
138 98
138 105
138 111
138 122
138 136
139 12
139 46
139 54
139 61
139 62
139 68
139 72
139 83
139 92
139 136
140 11
140 14
140 17
140 35
140 49
140 76
140 90
140 96
140 99
140 114
140 120
140 126
140 130
140 131
140 138
140 145
141 6
141 11
141 24
141 26
141 36
141 53
141 59
141 77
141 108
141 124
141 134
142 3
142 13
142 34
142 52
142 56
142 67
142 85
142 92
142 102
142 109
142 117
142 122
143 24
143 39
143 85
143 94
143 97
143 131
143 136
143 147
144 9
144 12
144 13
144 16
144 23
144 24
144 66
144 97
144 98
144 116
144 128
144 141
145 10
145 21
145 23
145 46
145 51
145 56
145 57
145 67
145 68
145 77
145 83
145 89
145 90
145 91
145 118
145 122
145 125
145 146
145 149
146 8
146 12
146 13
146 17
146 24
146 29
146 33
146 44
146 65
146 114
147 12
147 14
147 15
147 29
147 43
147 46
147 51
147 60
147 86
147 90
147 94
147 98
147 101
147 113
147 132
147 136
148 2
148 9
148 10
148 11
148 52
148 65
148 95
148 104
148 130
149 2
149 5
149 16
149 17
149 38
149 41
149 45
149 58
149 63
149 78
149 107
149 111
149 116
149 142
149 146
