0 2
0 6
0 16
0 51
0 63
0 78
0 104
0 109
0 111
0 142
0 143
1 2
1 16
1 25
1 29
1 45
1 66
1 75
1 76
1 82
1 89
1 109
1 146
1 147
2 1
2 19
2 20
2 29
2 46
2 69
2 86
2 96
2 101
2 109
2 113
2 125
2 127
3 24
3 31
3 55
3 60
3 66
3 116
3 118
3 119
3 121
3 122
4 11
4 14
4 18
4 27
4 45
4 53
4 59
4 69
4 76
4 78
4 81
4 104
4 119
4 120
4 131
4 136
5 0
5 15
5 20
5 36
5 47
5 56
5 69
5 86
5 88
5 91
5 94
5 97
5 102
5 106
5 109
5 116
5 124
5 137
6 14
6 29
6 58
6 76
6 85
6 90
6 121
6 132
6 135
6 137
7 2
7 12
7 25
7 36
7 55
7 58
7 65
7 67
7 89
7 93
7 108
7 110
7 142
8 30
8 41
8 67
8 86
8 88
8 89
8 98
8 103
8 106
8 117
8 119
8 139
8 143
9 3
9 7
9 14
9 17
9 24
9 47
9 49
9 68
9 79
9 88
9 100
9 129
9 137
9 138
10 14
10 24
10 46
10 57
10 62
10 64
10 73
10 85
10 90
10 149
11 3
11 8
11 24
11 46
11 69
11 74
11 84
11 116
11 119
11 121
11 138
12 11
12 14
12 15
12 44
12 52
12 124
12 126
12 129
12 135
12 146
13 0
13 7
13 19
13 26
13 29
13 35
13 38
13 63
13 69
13 83
13 84
13 104
13 105
13 116
13 117
13 129
13 145
14 16
14 22
14 38
14 40
14 41
14 60
14 109
14 116
14 123
14 145
15 3
15 4
15 8
15 17
15 24
15 26
15 34
15 44
15 88
15 95
15 107
15 127
15 145
16 8
16 25
16 36
16 42
16 65
16 85
16 91
16 95
16 102
16 103
16 118
16 123
16 132
16 139
17 8
17 37
17 57
17 93
17 102
17 110
17 119
17 133
18 22
18 34
18 40
18 51
18 53
18 57
18 59
18 71
18 92
18 104
18 127
19 5
19 20
19 26
19 29
19 38
19 45
19 53
19 55
19 61
19 65
19 73
19 94
19 104
19 117
19 145
19 148
20 1
20 4
20 25
20 30
20 36
20 48
20 51
20 52
20 54
20 57
20 59
20 68
20 69
20 74
20 76
20 80
20 104
20 109
21 24
21 31
21 55
21 67
21 100
21 101
21 104
21 105
21 118
21 122
21 136
21 141
21 149
22 11
22 18
22 21
22 24
22 28
22 29
22 30
22 31
22 48
22 68
22 110
22 112
22 124
22 127
22 130
22 134
23 10
23 34
23 42
23 56
23 76
23 135
23 142
24 9
24 17
24 25
24 28
24 40
24 42
24 44
24 48
24 52
24 64
24 68
24 71
24 78
24 97
24 131
24 134
24 137
24 141
25 9
25 31
25 32
25 33
25 52
25 61
25 68
25 69
25 79
25 87
25 97
25 111
25 122
25 124
25 136
25 147
25 149
26 6
26 12
26 14
26 23
26 51
26 63
26 93
26 104
26 137
26 149
27 9
27 20
27 25
27 48
27 59
27 77
27 79
27 88
27 91
27 97
27 111
27 117
27 123
27 132
27 140
27 142
28 4
28 6
28 11
28 20
28 23
28 24
28 67
28 91
28 129
28 140
28 144
29 3
29 31
29 33
29 49
29 55
29 67
29 74
29 85
29 86
29 87
29 95
29 101
29 109
29 112
29 117
29 122
30 2
30 9
30 11
30 31
30 44
30 62
30 78
30 80
30 91
30 92
30 93
30 111
30 113
30 143
31 3
31 5
31 35
31 42
31 67
31 72
31 86
31 87
31 112
31 122
31 132
31 137
31 139
32 6
32 24
32 56
32 74
32 77
32 102
32 104
32 110
32 126
32 129
32 148
33 0
33 21
33 31
33 66
33 72
33 75
33 76
33 91
33 93
33 94
33 118
33 119
33 124
33 133
34 2
34 14
34 21
34 28
34 71
34 86
34 132
34 137
34 147
35 19
35 25
35 26
35 27
35 29
35 42
35 61
35 80
35 86
35 87
35 141
36 0
36 49
36 53
36 68
36 70
36 79
36 107
36 120
36 123
36 146
37 0
37 18
37 22
37 28
37 40
37 54
37 66
37 82
37 85
37 102
37 117
37 138
37 142
37 147
38 1
38 6
38 7
38 9
38 10
38 21
38 50
38 59
38 64
38 76
38 82
38 88
38 96
38 100
38 101
38 107
38 125
39 4
39 7
39 21
39 28
39 46
39 57
39 66
39 67
39 69
39 88
39 110
39 117
39 146
40 4
40 16
40 23
40 48
40 72
40 73
40 97
40 99
40 102
40 127
40 131
40 138
41 2
41 3
41 20
41 31
41 34
41 50
41 58
41 63
41 122
41 147
42 14
42 16
42 56
42 60
42 68
42 69
42 78
42 88
42 107
42 110
42 111
42 123
42 130
42 134
42 135
42 147
43 11
43 17
43 34
43 48
43 54
43 77
43 81
43 109
43 110
43 115
43 117
43 134
43 135
43 146
44 17
44 58
44 60
44 74
44 83
44 117
44 119
45 1
45 91
45 101
45 112
45 114
46 7
46 40
46 44
46 85
46 100
46 106
46 110
46 133
46 135
46 138
46 147
47 14
47 15
47 31
47 36
47 46
47 52
47 78
47 85
47 87
47 101
47 104
47 128
47 135
47 139
47 141
47 143
47 146
47 148
48 5
48 9
48 36
48 39
48 56
48 72
48 78
48 83
48 98
48 103
48 112
48 122
48 137
48 139
48 140
48 146
49 5
49 6
49 39
49 46
49 54
49 78
49 95
49 143
49 147
50 9
50 12
50 38
50 40
50 71
50 74
50 80
50 87
50 110
50 115
50 131
50 135
51 27
51 44
51 46
51 47
51 95
51 105
51 124
51 127
52 21
52 25
52 27
52 37
52 47
52 53
52 65
52 69
52 72
52 82
52 84
52 98
52 108
52 119
52 125
52 140
53 36
53 44
53 48
53 79
53 96
53 133
53 147
53 148
53 149
54 9
54 14
54 15
54 24
54 38
54 48
54 63
54 64
54 74
54 84
54 94
54 98
54 117
54 118
54 119
54 135
54 139
54 142
54 148
55 0
55 3
55 7
55 40
55 48
55 50
55 52
55 58
55 68
55 92
55 111
55 120
55 132
55 140
55 148
56 31
56 33
56 43
56 65
56 71
56 135
56 147
56 149
57 1
57 3
57 4
57 9
57 44
57 47
57 85
57 86
57 92
57 93
57 117
57 120
58 4
58 19
58 23
58 34
58 73
58 76
58 77
58 84
58 93
58 115
58 128
59 18
59 21
59 38
59 42
59 56
59 64
59 74
59 93
59 105
59 123
59 144
60 4
60 8
60 11
60 13
60 15
60 17
60 36
60 39
60 47
60 51
60 61
60 92
60 140
60 144
61 19
61 49
61 50
61 53
61 92
61 95
61 104
61 111
61 124
61 125
61 130
61 132
61 137
62 2
62 15
62 30
62 73
62 77
62 90
62 110
62 119
62 124
62 128
62 140
63 16
63 30
63 77
63 120
63 131
63 134
63 135
63 141
63 145
63 146
64 11
64 15
64 34
64 38
64 44
64 47
64 57
64 65
64 71
64 74
64 76
64 115
64 126
64 129
64 134
64 135
64 141
64 145
65 13
65 25
65 30
65 48
65 79
65 82
65 84
65 97
65 101
65 113
65 114
65 116
65 128
65 132
65 147
66 7
66 17
66 29
66 60
66 76
66 86
66 87
66 143
67 0
67 5
67 7
67 10
67 42
67 87
67 90
67 93
67 104
67 111
67 121
68 2
68 12
68 24
68 25
68 26
68 28
68 47
68 51
68 56
68 61
68 81
68 101
68 115
68 125
68 133
68 136
68 138
68 147
68 149
69 14
69 16
69 59
69 65
69 73
69 75
69 103
69 117
69 128
70 2
70 7
70 14
70 27
70 52
70 59
70 62
70 65
70 88
70 91
70 97
70 113
70 114
70 125
70 130
70 147
71 7
71 14
71 16
71 23
71 36
71 39
71 79
71 91
71 93
71 98
71 105
71 109
71 118
71 125
71 148
72 26
72 30
72 37
72 85
72 98
72 104
72 114
72 116
72 124
72 128
72 145
72 148
73 4
73 7
73 13
73 15
73 19
73 26
73 31
73 43
73 59
73 65
73 79
73 80
73 86
73 90
73 93
73 116
73 130
73 143
74 22
74 32
74 42
74 64
74 94
74 103
74 109
74 129
74 131
74 137
75 3
75 42
75 44
75 50
75 72
75 84
75 93
75 111
75 116
75 134
75 137
75 147
76 12
76 39
76 53
76 61
76 91
76 92
76 94
76 108
76 114
76 115
76 135
77 14
77 17
77 59
77 65
77 66
77 71
77 75
77 83
77 86
77 96
77 101
77 122
77 127
77 133
78 15
78 23
78 26
78 33
78 44
78 61
78 66
78 102
78 108
78 111
79 9
79 22
79 31
79 41
79 45
79 84
79 132
80 37
80 44
80 50
80 58
80 68
80 84
80 85
80 90
80 93
80 95
80 119
80 120
80 129
81 7
81 16
81 31
81 36
81 40
81 59
81 64
81 72
81 93
81 102
81 105
81 108
81 117
81 125
81 126
81 139
82 10
82 20
82 21
82 32
82 61
82 62
82 71
82 96
82 104
82 126
83 14
83 22
83 23
83 29
83 44
83 54
83 71
83 100
84 22
84 57
84 61
84 63
84 111
84 131
84 140
85 18
85 44
85 49
85 51
85 60
85 70
85 95
85 98
85 119
85 136
85 142
86 7
86 11
86 15
86 25
86 29
86 44
86 64
86 88
86 148
87 16
87 37
87 47
87 54
87 91
87 95
87 99
87 105
87 117
87 124
87 126
87 128
87 132
87 134
87 148
88 2
88 14
88 19
88 28
88 29
88 30
88 38
88 50
88 69
88 90
88 91
88 101
88 106
88 118
89 6
89 15
89 26
89 35
89 81
89 82
89 91
89 111
89 136
89 143
89 144
90 16
90 17
90 20
90 34
90 38
90 44
90 54
90 66
90 72
90 85
90 95
90 113
90 115
90 120
90 140
90 141
91 4
91 6
91 13
91 14
91 35
91 44
91 57
91 58
91 60
91 66
91 67
91 72
91 79
91 84
91 93
91 94
91 99
91 129
91 137
91 141
92 4
92 21
92 22
92 30
92 37
92 38
92 43
92 48
92 55
92 73
92 80
92 83
92 101
92 107
92 109
92 114
93 15
93 29
93 30
93 51
93 60
93 63
93 114
93 136
94 21
94 42
94 44
94 53
94 62
94 71
94 72
94 76
94 97
94 112
94 114
95 33
95 34
95 56
95 57
95 58
95 74
95 85
95 91
95 105
95 139
95 141
95 142
95 143
95 147
96 12
96 16
96 28
96 47
96 86
96 120
96 136
97 2
97 5
97 22
97 31
97 38
97 47
97 65
97 69
97 90
97 118
97 124
97 131
97 141
97 144
98 12
98 36
98 74
98 77
98 79
98 81
98 94
98 115
98 123
98 128
99 15
99 37
99 40
99 45
99 48
99 49
99 52
99 58
99 88
99 108
99 113
99 125
99 133
99 143
99 149
100 1
100 16
100 17
100 18
100 38
100 52
100 55
100 59
100 96
100 130
100 135
100 140
100 146
101 32
101 46
101 50
101 60
101 105
101 108
101 116
101 133
101 134
101 146
102 21
102 31
102 34
102 41
102 53
102 72
102 90
102 97
102 111
102 129
102 149
103 5
103 14
103 26
103 31
103 33
103 36
103 38
103 60
103 84
103 86
103 108
103 116
103 148
104 11
104 18
104 20
104 34
104 41
104 44
104 47
104 56
104 62
104 80
104 89
104 93
104 94
104 103
104 109
104 118
104 129
104 130
105 4
105 8
105 15
105 20
105 38
105 52
105 59
105 80
105 96
105 97
105 98
106 8
106 9
106 44
106 69
106 89
106 90
106 105
106 109
106 129
106 142
106 145
106 149
107 0
107 7
107 19
107 22
107 56
107 59
107 71
107 87
107 98
107 100
107 105
107 129
108 12
108 27
108 30
108 47
108 61
108 68
108 73
108 76
108 80
108 85
108 86
108 89
108 92
108 99
108 121
108 124
108 145
108 148
109 2
109 19
109 29
109 34
109 38
109 48
109 54
109 62
109 73
109 82
109 91
109 103
109 133
109 136
109 138
109 145
109 147
110 15
110 19
110 21
110 23
110 35
110 52
110 77
110 79
110 95
110 109
110 132
110 145
111 22
111 23
111 37
111 40
111 45
111 65
111 81
111 92
111 94
111 130
112 11
112 24
112 29
112 46
112 57
112 68
112 95
112 109
112 131
112 134
113 1
113 25
113 30
113 45
113 48
113 59
113 62
113 64
113 68
113 72
113 74
113 121
113 127
113 131
114 5
114 7
114 14
114 30
114 43
114 51
114 63
114 75
114 90
114 97
114 101
114 102
114 128
115 0
115 8
115 16
115 44
115 48
115 69
115 70
115 80
115 103
115 127
115 128
116 1
116 26
116 27
116 51
116 52
116 67
116 69
116 97
116 129
116 131
116 132
116 148
116 149
117 23
117 24
117 42
117 55
117 56
117 57
117 73
117 91
117 92
117 93
118 0
118 4
118 6
118 11
118 51
118 95
118 110
119 0
119 6
119 24
119 28
119 53
119 68
119 73
119 77
119 82
119 83
119 129
120 44
120 47
120 90
120 104
120 106
120 109
120 116
120 130
120 145
121 8
121 26
121 39
121 42
121 43
121 54
121 66
121 75
121 97
121 109
121 128
121 144
122 4
122 14
122 21
122 36
122 67
122 77
122 94
122 128
122 145
123 8
123 9
123 29
123 33
123 55
123 56
123 100
123 102
123 103
123 111
123 115
123 122
123 130
123 134
123 144
124 0
124 23
124 25
124 61
124 70
124 111
124 118
124 130
124 137
125 17
125 22
125 32
125 33
125 50
125 52
125 69
125 94
125 98
125 111
125 117
125 123
125 140
125 142
126 0
126 44
126 49
126 64
126 97
126 111
127 5
127 14
127 22
127 25
127 80
127 81
127 83
127 86
127 92
127 93
127 100
127 102
127 105
127 110
127 130
127 131
127 143
127 146
127 147
128 2
128 5
128 9
128 23
128 38
128 67
128 73
128 99
128 120
128 129
128 144
129 1
129 9
129 27
129 45
129 49
129 69
129 74
129 111
129 118
129 137
129 140
130 4
130 16
130 25
130 40
130 46
130 62
130 63
130 67
130 92
130 107
130 120
130 132
130 133
130 137
131 13
131 43
131 62
131 63
131 76
131 77
131 97
131 101
131 123
131 137
132 4
132 6
132 9
132 46
132 68
132 71
132 75
132 87
132 101
132 116
132 128
132 139
132 147
133 10
133 14
133 20
133 24
133 28
133 94
133 113
133 123
133 147
134 13
134 30
134 33
134 38
134 48
134 58
134 66
134 72
134 94
134 98
134 112
134 124
134 133
134 137
134 139
134 140
134 142
135 5
135 7
135 13
135 30
135 31
135 36
135 45
135 72
135 77
135 94
135 102
135 112
135 124
135 127
135 134
135 147
136 7
136 23
136 28
136 39
136 54
136 61
136 64
136 65
136 69
136 95
136 101
136 106
136 114
136 121
136 129
136 130
136 143
137 16
137 32
137 41
137 52
137 58
137 79
137 85
137 101
137 105
137 110
137 114
137 121
137 125
137 129
137 138
138 21
138 27
138 71
138 79
138 85
138 104
138 113
138 123
138 134
138 135
138 145
138 149
139 35
139 38
139 48
139 78
139 84
139 85
139 86
139 93
139 98
139 108
139 109
139 140
140 22
140 27
140 38
140 51
140 70
140 93
140 117
140 135
141 10
141 14
141 39
141 50
141 53
141 73
141 77
141 81
141 86
141 100
141 132
141 133
141 139
141 142
142 10
142 34
142 37
142 57
142 62
142 63
142 69
142 80
142 122
142 140
143 30
143 48
143 52
143 62
143 70
143 82
143 84
143 92
143 98
143 106
143 124
143 147
144 0
144 22
144 24
144 28
144 36
144 51
144 54
144 59
144 60
144 85
144 106
144 110
144 117
144 121
144 122
145 13
145 18
145 21
145 68
145 81
145 107
145 123
145 124
145 143
146 5
146 7
146 8
146 22
146 56
146 75
146 79
146 85
146 97
146 99
146 136
146 147
147 1
147 6
147 53
147 71
147 95
147 101
147 102
147 110
147 119
147 123
147 134
147 135
147 141
147 146
147 149
148 19
148 24
148 38
148 44
148 53
148 61
148 62
148 73
148 78
148 80
148 88
148 102
148 113
149 7
149 9
149 10
149 15
149 16
149 33
149 43
149 53
149 59
149 66
149 90
149 123
149 131
149 137
149 144
