0 3
0 7
0 37
0 46
0 52
0 61
0 62
0 71
0 74
0 106
0 118
0 123
1 9
1 25
1 26
1 46
1 48
1 62
1 68
1 72
1 78
1 86
1 89
1 110
1 112
1 129
1 131
1 145
2 10
2 11
2 13
2 19
2 40
2 66
2 69
2 73
2 75
2 76
2 96
2 103
2 133
2 141
3 22
3 39
3 68
3 71
3 88
3 103
3 113
3 127
3 148
4 1
4 20
4 21
4 35
4 36
4 39
4 70
4 77
4 81
4 102
4 114
4 139
5 1
5 9
5 20
5 25
5 34
5 36
5 37
5 42
5 52
5 54
5 63
5 72
5 93
5 100
5 111
5 115
5 117
5 134
5 149
6 3
6 16
6 67
6 68
6 74
6 94
6 104
6 111
6 119
6 123
6 124
6 132
6 134
7 9
7 20
7 23
7 35
7 57
7 73
7 80
7 98
7 137
7 149
8 16
8 22
8 32
8 34
8 38
8 50
8 61
8 83
8 95
8 101
8 105
8 109
8 115
8 118
8 119
8 121
8 143
9 22
9 33
9 39
9 42
9 53
9 59
9 74
9 90
9 93
9 106
9 109
10 4
10 26
10 31
10 58
10 61
10 106
10 110
11 20
11 22
11 39
11 51
11 82
11 89
11 95
11 104
11 107
11 112
11 125
12 9
12 32
12 51
12 54
12 73
12 77
12 78
12 79
12 108
12 109
12 124
13 49
13 65
13 67
13 95
13 145
14 16
14 17
14 23
14 50
14 82
14 85
14 86
14 121
14 130
14 136
14 137
15 5
15 8
15 41
15 57
15 65
15 82
15 85
15 147
16 3
16 4
16 8
16 17
16 27
16 33
16 43
16 45
16 73
16 74
16 104
16 130
16 132
16 133
16 145
16 147
17 13
17 64
17 65
17 72
17 91
17 97
17 108
17 114
17 140
18 10
18 21
18 30
18 36
18 43
18 44
18 45
18 54
18 61
18 79
18 82
18 97
18 99
18 120
18 131
19 24
19 28
19 40
19 44
19 55
19 57
19 63
19 74
19 75
19 76
19 82
19 100
19 111
19 119
19 125
19 140
20 2
20 17
20 62
20 65
20 69
20 85
20 97
20 104
20 105
20 110
20 112
20 118
20 121
20 132
20 134
21 3
21 22
21 26
21 36
21 48
21 68
21 84
21 105
21 129
21 149
22 6
22 13
22 41
22 42
22 59
22 83
22 108
22 121
22 130
22 145
23 8
23 20
23 32
23 34
23 35
23 54
23 66
23 85
23 109
23 116
23 128
23 139
23 148
24 0
24 33
24 35
24 41
24 53
24 61
24 88
24 106
24 110
24 113
24 120
24 145
25 15
25 22
25 39
25 43
25 57
25 64
25 67
25 73
25 99
25 132
25 138
25 142
25 148
26 18
26 28
26 39
26 43
26 75
26 80
26 83
26 92
26 107
26 139
27 1
27 5
27 20
27 21
27 22
27 25
27 26
27 31
27 58
27 69
27 71
27 82
27 95
27 107
27 111
27 112
27 124
27 135
27 143
27 145
28 1
28 12
28 23
28 27
28 31
28 33
28 46
28 51
28 58
28 61
28 62
28 78
28 96
28 100
28 126
28 129
28 139
28 144
29 3
29 9
29 12
29 24
29 28
29 37
29 65
29 67
29 89
29 103
29 122
29 130
29 146
29 149
30 10
30 15
30 50
30 65
30 81
30 90
30 101
30 114
30 143
30 145
30 149
31 10
31 37
31 53
31 74
31 87
31 96
31 120
31 121
31 131
31 137
31 145
32 3
32 21
32 23
32 31
32 38
32 40
32 45
32 72
32 75
32 89
32 117
32 146
32 148
32 149
33 3
33 17
33 27
33 29
33 34
33 35
33 42
33 45
33 48
33 69
33 70
33 71
33 87
33 92
33 104
33 122
33 126
33 136
33 147
34 5
34 48
34 63
34 71
34 82
34 92
35 0
35 5
35 6
35 36
35 125
35 135
36 2
36 3
36 23
36 24
36 37
36 41
36 45
36 60
36 70
36 83
36 88
36 94
36 96
36 118
36 126
37 7
37 22
37 28
37 32
37 41
37 49
37 78
37 79
37 88
37 91
37 107
37 120
37 135
38 1
38 10
38 12
38 13
38 33
38 44
38 45
38 74
38 76
38 80
38 82
38 85
38 105
38 110
38 143
38 144
39 6
39 16
39 19
39 35
39 45
39 49
39 69
39 78
39 79
39 87
39 89
39 130
39 140
40 4
40 10
40 42
40 44
40 46
40 59
40 72
40 80
40 104
40 112
40 123
40 127
40 139
41 13
41 17
41 64
41 92
41 106
41 125
41 127
41 145
42 1
42 4
42 20
42 31
42 35
42 38
42 62
42 68
42 72
42 85
42 86
42 88
42 91
42 98
42 110
42 114
42 138
43 12
43 22
43 28
43 32
43 41
43 51
43 56
43 58
43 64
43 79
43 83
43 93
43 95
43 96
43 105
43 108
43 113
43 115
44 2
44 10
44 11
44 24
44 27
44 43
44 70
44 82
44 87
44 121
44 130
44 135
44 140
44 143
45 1
45 18
45 27
45 39
45 43
45 56
45 67
45 76
45 84
45 102
45 143
46 12
46 17
46 18
46 30
46 41
46 47
46 49
46 101
46 122
46 128
46 138
46 141
46 142
47 20
47 89
47 93
47 108
47 117
47 132
48 31
48 62
48 70
48 76
48 115
48 117
48 125
48 142
48 143
48 148
49 8
49 47
49 72
49 77
49 92
49 112
49 114
49 130
49 141
49 142
50 4
50 29
50 35
50 38
50 39
50 43
50 57
50 73
50 90
50 117
50 121
50 123
50 135
50 144
51 21
51 29
51 52
51 82
51 93
51 103
51 107
51 116
51 123
51 125
52 13
52 19
52 20
52 34
52 50
52 60
52 62
52 77
52 83
52 115
52 128
52 140
53 1
53 24
53 41
53 59
53 99
53 110
53 114
53 131
53 134
54 6
54 15
54 16
54 19
54 28
54 32
54 38
54 47
54 50
54 56
54 60
54 71
54 77
54 80
54 83
54 89
54 102
54 122
54 138
54 139
54 141
54 148
55 27
55 30
55 65
55 95
55 108
55 112
55 118
55 122
55 139
56 4
56 6
56 12
56 35
56 39
56 41
56 46
56 48
56 49
56 51
56 55
56 57
56 58
56 59
56 61
56 67
56 75
56 85
56 93
56 102
56 138
56 145
57 0
57 7
57 13
57 19
57 26
57 33
57 35
57 44
57 60
57 63
57 65
57 82
57 96
57 98
57 116
57 117
57 121
57 129
57 138
58 8
58 18
58 22
58 44
58 45
58 63
58 90
58 95
58 127
58 145
59 0
59 3
59 6
59 15
59 31
59 35
59 41
59 43
59 47
59 129
59 141
60 0
60 2
60 14
60 39
60 40
60 41
60 51
60 72
60 112
60 138
60 141
60 148
61 5
61 7
61 13
61 17
61 51
61 73
61 101
61 122
61 126
61 132
61 144
62 21
62 25
62 31
62 77
62 95
62 104
62 113
62 117
62 122
62 130
63 4
63 30
63 54
63 70
63 88
63 102
63 109
63 118
63 142
63 143
63 145
64 16
64 18
64 25
64 28
64 34
64 42
64 43
64 44
64 50
64 51
64 65
64 82
64 117
64 133
64 139
64 148
65 6
65 9
65 22
65 42
65 47
65 53
65 71
65 73
65 106
65 120
65 123
65 124
65 146
66 6
66 10
66 23
66 24
66 34
66 55
66 70
66 84
66 123
66 144
67 7
67 13
67 17
67 18
67 21
67 23
67 36
67 45
67 68
67 106
67 115
67 129
67 134
68 1
68 16
68 39
68 49
68 60
68 73
68 74
68 87
68 117
68 124
68 146
68 147
68 148
69 8
69 19
69 20
69 40
69 55
69 58
69 61
69 80
69 114
69 119
69 121
69 130
69 142
69 146
70 1
70 8
70 12
70 23
70 46
70 71
70 90
70 93
70 123
70 142
71 3
71 10
71 14
71 52
71 83
71 87
71 97
71 115
71 134
72 6
72 11
72 16
72 52
72 73
72 92
72 93
72 95
72 112
72 116
72 128
72 148
73 5
73 6
73 9
73 14
73 22
73 31
73 34
73 37
73 43
73 49
73 54
73 59
73 66
73 85
73 86
73 89
73 108
73 131
73 141
74 28
74 37
74 41
74 43
74 64
74 75
74 85
74 88
74 90
74 91
74 114
74 119
75 18
75 23
75 44
75 47
75 58
75 77
75 83
75 127
76 10
76 15
76 17
76 34
76 47
76 48
76 49
76 53
76 57
76 58
76 59
76 61
76 63
76 70
76 79
76 96
76 98
76 109
76 112
76 126
76 127
76 145
77 0
77 5
77 19
77 24
77 29
77 46
77 53
77 66
77 69
77 81
77 88
77 113
77 115
77 117
77 124
77 125
77 132
77 138
77 141
78 3
78 7
78 9
78 51
78 58
78 59
78 75
78 97
78 102
78 105
78 115
78 129
78 140
79 0
79 16
79 38
79 41
79 57
79 74
79 78
79 82
79 83
79 85
79 94
79 112
79 113
79 137
79 149
80 0
80 16
80 59
80 79
80 91
80 103
80 117
80 127
80 135
80 148
81 5
81 6
81 9
81 10
81 15
81 22
81 28
81 29
81 32
81 44
81 53
81 65
81 75
81 86
81 110
81 122
81 123
81 138
82 5
82 15
82 35
82 40
82 44
82 63
82 65
82 66
82 70
82 72
82 110
82 119
82 136
82 137
83 19
83 22
83 36
83 44
83 82
83 91
83 103
83 124
83 126
83 128
84 7
84 16
84 17
84 39
84 56
84 66
84 79
84 85
84 89
84 93
84 103
84 104
84 118
84 125
84 135
84 136
85 9
85 15
85 25
85 41
85 61
85 68
85 74
85 87
85 97
85 108
85 111
85 114
85 120
85 135
86 23
86 27
86 29
86 32
86 42
86 48
86 49
86 67
86 73
86 92
86 115
86 123
86 126
86 144
87 4
87 19
87 23
87 43
87 45
87 63
87 114
87 125
87 134
87 138
87 141
88 3
88 7
88 35
88 43
88 52
88 58
88 74
88 123
88 139
88 144
88 146
89 10
89 13
89 15
89 20
89 36
89 54
89 57
89 79
89 102
89 106
89 111
89 128
89 131
89 148
90 15
90 16
90 24
90 28
90 37
90 55
90 56
90 69
90 83
90 98
90 108
90 113
90 115
90 124
90 126
90 145
91 11
91 20
91 24
91 38
91 54
91 96
91 98
91 126
91 132
91 139
91 143
91 146
92 17
92 27
92 32
92 36
92 41
92 47
92 55
92 62
92 85
92 87
92 91
92 94
92 106
92 128
92 131
92 148
93 37
93 50
93 53
93 66
93 68
93 73
93 89
93 103
93 106
93 107
93 114
93 115
93 133
94 0
94 2
94 9
94 10
94 11
94 38
94 56
94 88
94 116
94 128
94 137
94 147
95 11
95 25
95 46
95 55
95 70
95 76
95 94
95 97
95 105
95 112
95 115
95 123
95 130
95 149
96 4
96 23
96 48
96 83
96 106
96 108
96 113
96 117
96 124
96 131
96 148
97 2
97 17
97 21
97 26
97 30
97 43
97 65
97 66
97 71
97 81
97 100
97 103
97 104
97 109
97 115
97 140
98 57
98 64
98 74
98 108
98 117
98 135
98 140
98 143
99 15
99 24
99 26
99 44
99 47
99 82
99 118
99 131
99 132
99 138
99 144
100 12
100 26
100 30
100 43
100 59
100 65
100 70
100 90
100 116
100 138
101 7
101 16
101 34
101 39
101 73
101 74
101 84
101 113
101 121
101 128
101 141
102 13
102 31
102 40
102 53
102 70
102 93
102 109
102 115
102 116
102 148
103 0
103 10
103 37
103 68
103 91
103 95
103 108
103 109
103 119
103 130
104 5
104 11
104 18
104 21
104 26
104 30
104 32
104 35
104 92
104 95
104 114
104 117
105 19
105 22
105 27
105 28
105 30
105 31
105 35
105 45
105 47
105 59
105 61
105 62
105 66
105 70
105 76
105 78
105 84
105 97
105 98
105 118
106 7
106 37
106 93
106 97
106 101
107 24
107 45
107 73
107 100
107 115
107 116
107 119
107 130
107 139
108 2
108 3
108 4
108 21
108 32
108 74
108 76
108 77
108 88
108 121
108 122
108 131
108 135
109 3
109 19
109 22
109 39
109 45
109 51
109 54
109 57
109 64
109 85
109 97
109 107
109 115
109 116
109 132
109 136
109 147
110 35
110 65
110 66
110 69
110 81
110 103
110 112
110 122
110 123
110 126
110 131
110 138
110 141
111 12
111 17
111 29
111 69
112 2
112 16
112 48
112 66
112 67
112 70
112 76
112 77
112 132
112 137
112 139
113 14
113 21
113 23
113 24
113 37
113 39
113 43
113 56
113 57
113 70
113 73
113 83
113 84
113 88
113 102
113 122
113 124
113 128
113 142
114 43
114 58
114 64
114 85
114 87
114 93
114 95
114 100
114 110
114 128
114 135
114 146
115 19
115 22
115 26
115 31
115 44
115 68
115 69
115 76
115 79
115 102
115 103
115 112
115 117
115 123
115 138
116 6
116 9
116 11
116 15
116 41
116 51
116 58
116 62
116 92
116 107
116 121
116 136
117 7
117 10
117 28
117 58
117 64
117 83
117 129
117 144
118 1
118 3
118 11
118 21
118 23
118 28
118 37
118 44
118 46
118 62
118 65
118 86
118 88
118 103
118 111
119 18
119 25
119 30
119 37
119 62
119 65
119 75
119 78
119 88
119 93
119 105
119 107
119 123
119 124
119 128
119 137
119 148
120 0
120 4
120 6
120 7
120 13
120 15
120 21
120 25
120 44
120 62
120 71
120 76
120 87
120 101
120 116
120 148
121 0
121 23
121 53
121 78
121 83
121 102
121 107
121 138
122 2
122 4
122 17
122 28
122 51
122 67
122 106
122 120
122 131
123 3
123 9
123 42
123 56
123 96
123 124
123 138
123 149
124 6
124 22
124 27
124 32
124 55
124 58
124 82
124 103
124 146
125 25
125 28
125 39
125 51
125 53
125 54
125 69
125 95
125 101
125 146
126 9
126 14
126 19
126 21
126 34
126 46
126 55
126 97
126 106
126 143
127 0
127 11
127 24
127 35
127 46
127 76
127 87
127 109
127 116
127 120
127 132
127 133
127 134
128 3
128 18
128 50
128 72
128 104
128 117
128 127
128 135
128 142
129 38
129 53
129 64
129 79
129 91
129 98
129 100
129 103
129 104
129 131
129 133
130 18
130 24
130 25
130 42
130 48
130 51
130 74
130 82
131 35
131 40
131 50
131 53
131 69
131 85
131 93
131 125
132 10
132 23
132 31
132 51
132 62
132 76
132 102
132 116
132 139
132 145
133 3
133 14
133 43
133 45
133 62
133 103
133 108
133 140
134 30
134 37
134 44
134 53
134 66
134 72
134 96
134 103
134 128
134 133
135 26
135 32
135 51
135 59
135 65
135 67
135 76
135 79
135 84
135 97
135 109
135 120
135 121
135 139
135 141
136 11
136 15
136 16
136 19
136 32
136 41
136 67
136 72
136 78
136 119
137 5
137 14
137 28
137 29
137 46
137 64
137 67
137 90
137 132
137 136
138 1
138 11
138 22
138 28
138 43
138 54
138 67
138 104
138 106
138 107
138 134
138 135
138 142
139 5
139 7
139 13
139 25
139 33
139 34
139 41
139 47
139 49
139 79
139 87
139 89
139 93
139 105
140 4
140 35
140 39
140 47
140 58
140 112
140 115
140 121
140 128
140 142
140 145
141 33
141 35
141 41
141 46
141 56
141 61
141 63
141 84
141 85
141 93
141 100
141 102
141 108
141 109
141 114
141 124
141 125
141 127
141 148
142 10
142 32
142 39
142 41
142 43
142 45
142 56
142 76
142 80
142 82
142 94
142 96
142 97
142 124
142 137
142 146
143 1
143 11
143 13
143 34
143 48
143 57
143 58
143 77
143 82
143 84
143 88
143 113
143 125
143 127
143 142
144 0
144 14
144 19
144 22
144 26
144 58
144 62
144 74
144 88
144 103
144 107
144 110
144 142
145 8
145 10
145 21
145 31
145 37
145 58
145 69
145 70
145 76
145 86
145 88
145 106
145 114
145 144
145 146
146 32
146 58
146 69
146 71
146 84
146 85
146 89
146 102
146 133
147 3
147 12
147 14
147 17
147 29
147 58
147 61
147 71
147 84
147 99
147 114
147 115
147 120
147 125
147 131
147 134
147 138
147 149
148 25
148 30
148 63
148 89
148 97
148 99
148 102
148 119
149 11
149 15
149 19
149 38
149 51
149 56
149 57
149 63
149 73
149 76
149 85
149 89
149 101
149 104
149 136
149 143
149 148
