0 2
0 26
0 31
0 42
0 55
0 62
0 79
0 104
0 125
0 128
0 137
0 147
1 6
1 21
1 34
1 39
1 52
1 70
1 76
1 79
1 87
1 95
1 96
1 111
1 117
1 128
1 145
1 147
2 0
2 27
2 28
2 56
2 65
2 72
2 81
2 85
2 102
2 103
2 115
2 118
2 127
2 138
3 20
3 31
3 32
3 52
3 67
3 69
3 72
3 85
3 86
3 92
3 96
3 109
3 122
3 127
3 146
4 6
4 12
4 17
4 22
4 28
4 34
4 60
4 70
4 79
4 88
4 93
4 96
4 99
4 110
4 129
4 132
4 141
5 7
5 19
5 20
5 22
5 32
5 57
5 77
5 78
5 84
5 97
6 2
6 14
6 22
6 55
6 58
6 76
6 77
6 98
6 108
6 110
6 113
7 5
7 9
7 18
7 23
7 36
7 45
7 51
7 52
7 76
7 94
7 99
7 107
7 109
7 136
7 140
7 144
8 1
8 5
8 29
8 38
8 63
8 64
8 77
8 84
8 88
8 100
8 114
8 127
8 143
9 40
9 57
9 59
9 61
9 90
9 96
9 97
9 108
9 114
9 118
10 7
10 8
10 9
10 25
10 39
10 67
10 101
10 109
10 117
10 122
10 125
10 131
11 2
11 26
11 35
11 50
11 51
11 68
11 74
11 83
11 88
11 90
11 95
11 96
11 100
11 119
11 124
11 145
12 4
12 8
12 14
12 17
12 27
12 34
12 47
12 54
12 93
12 101
12 104
12 114
12 117
12 139
13 22
13 25
13 46
13 83
13 95
13 109
13 114
13 133
13 136
13 141
13 148
14 24
14 33
14 41
14 46
14 53
14 74
14 101
14 117
14 141
15 6
15 20
15 50
15 58
15 62
15 64
15 68
15 69
15 75
15 86
15 89
15 95
15 107
15 110
15 116
15 121
15 132
16 18
16 25
16 31
16 35
16 63
16 72
16 97
16 118
16 121
16 125
16 131
16 132
16 138
16 139
16 144
16 145
17 8
17 9
17 15
17 16
17 51
17 53
17 82
17 88
17 89
17 102
17 104
17 123
17 124
17 127
17 132
17 141
17 142
18 34
18 35
18 69
18 75
18 76
18 87
18 108
18 112
18 118
18 120
18 144
19 25
19 29
19 33
19 42
19 44
19 47
19 71
19 72
19 92
19 124
20 12
20 33
20 46
20 96
20 101
20 128
21 3
21 22
21 26
21 33
21 37
21 54
21 56
21 63
21 72
21 111
21 120
21 122
21 125
21 134
21 141
22 0
22 7
22 13
22 33
22 42
22 68
22 71
22 81
22 91
22 115
22 119
22 126
22 137
22 146
23 6
23 14
23 24
23 43
23 55
23 90
23 123
23 134
24 0
24 4
24 40
24 48
24 57
24 75
24 81
24 83
24 86
24 91
24 97
24 115
24 126
24 127
24 132
24 137
24 139
24 142
25 6
25 15
25 44
25 48
25 52
25 53
25 61
25 66
25 67
25 72
25 81
25 87
25 94
25 96
25 100
25 110
25 140
26 1
26 16
26 39
26 54
26 94
26 103
26 112
26 127
26 145
27 32
27 47
27 73
27 87
27 104
27 107
27 128
27 136
27 144
27 148
28 11
28 43
28 60
28 71
28 73
28 81
28 89
28 91
28 105
28 107
28 108
28 113
28 126
28 133
28 144
29 25
29 27
29 42
29 45
29 52
29 58
29 74
29 78
29 103
29 105
29 129
30 18
30 23
30 28
30 36
30 107
30 130
30 131
31 10
31 17
31 68
31 70
31 72
31 84
31 91
31 93
31 107
31 111
31 116
31 128
32 16
32 61
32 87
32 88
32 100
32 101
32 106
32 123
32 127
32 133
32 136
32 141
32 145
33 3
33 6
33 30
33 56
33 60
33 88
33 93
33 105
33 114
33 121
33 123
33 128
33 129
33 132
33 145
34 4
34 28
34 41
34 44
34 78
34 81
34 86
34 96
34 98
34 107
34 128
34 133
35 17
35 21
35 25
35 58
35 63
35 69
35 85
35 118
35 120
35 124
36 4
36 19
36 53
36 83
36 91
36 128
37 21
37 33
37 35
37 38
37 43
37 47
37 54
37 68
37 88
37 91
37 106
37 107
37 115
37 128
37 131
37 146
38 0
38 13
38 18
38 48
38 53
38 107
38 112
38 142
39 7
39 11
39 13
39 15
39 17
39 20
39 44
39 47
39 49
39 75
39 80
39 94
39 122
39 123
39 125
39 141
40 14
40 38
40 44
40 58
40 77
40 78
40 91
40 105
40 119
41 27
41 31
41 43
41 63
41 95
41 118
41 126
41 127
41 135
41 136
42 7
42 17
42 35
42 56
42 67
42 70
42 80
42 81
42 83
42 123
42 124
42 132
43 4
43 6
43 7
43 14
43 17
43 68
43 75
43 79
43 88
43 94
43 111
43 129
43 142
43 143
44 6
44 16
44 66
44 93
44 109
44 113
44 116
44 139
44 141
44 144
45 4
45 19
45 41
45 46
45 57
45 67
45 68
45 71
45 79
45 97
45 99
45 128
46 19
46 22
46 31
46 48
46 49
46 54
46 81
46 115
46 116
46 124
46 127
47 5
47 25
47 27
47 49
47 70
47 95
47 119
47 125
47 126
47 134
47 140
47 146
48 11
48 16
48 69
48 95
48 99
48 106
48 112
48 123
48 141
49 2
49 27
49 28
49 53
49 80
49 121
49 125
49 146
50 11
50 21
50 24
50 37
50 49
50 55
50 60
50 76
50 78
50 91
50 92
50 101
50 102
50 120
50 126
51 9
51 27
51 31
51 35
51 48
51 55
51 56
51 58
51 79
51 83
51 85
51 90
51 115
51 117
51 121
51 123
52 10
52 11
52 21
52 30
52 31
52 45
52 51
52 59
52 63
52 65
52 104
52 115
52 120
52 125
52 140
53 27
53 35
53 45
53 50
53 54
53 64
53 75
53 80
53 91
53 102
53 106
53 121
53 122
53 125
53 133
53 139
54 16
54 18
54 19
54 26
54 33
54 57
54 74
54 95
54 104
54 107
54 108
54 114
54 118
54 122
54 133
55 18
55 22
55 28
55 31
55 42
55 85
55 121
55 123
55 127
55 133
56 12
56 13
56 15
56 20
56 53
56 55
56 79
56 109
56 115
56 129
56 131
56 132
56 141
56 142
57 10
57 13
57 23
57 27
57 28
57 32
57 38
57 53
57 88
57 95
57 132
57 143
58 0
58 36
58 59
58 62
58 66
58 69
58 119
58 130
58 143
58 145
58 148
59 2
59 5
59 8
59 15
59 32
59 46
59 77
59 82
59 92
59 100
59 108
59 111
59 117
59 134
59 137
60 4
60 7
60 11
60 23
60 35
60 38
60 49
60 58
60 66
60 70
60 72
60 76
60 84
60 90
60 104
60 117
60 125
60 139
60 140
61 17
61 43
61 44
61 53
61 58
61 68
61 78
61 93
61 101
61 103
61 115
61 133
61 146
61 147
62 3
62 21
62 22
62 31
62 39
62 63
62 69
62 79
62 82
62 105
62 136
62 143
63 4
63 9
63 25
63 51
63 64
63 95
63 96
63 100
63 111
63 134
63 137
63 141
64 54
64 72
64 75
64 77
64 82
64 83
64 89
64 114
64 122
65 1
65 7
65 8
65 19
65 24
65 35
65 42
65 61
65 79
65 96
65 111
65 122
65 124
65 133
65 134
66 8
66 29
66 35
66 43
66 60
66 89
66 90
66 106
66 131
66 134
66 138
67 2
67 29
67 38
67 39
67 56
67 57
67 65
67 71
67 95
67 96
67 105
67 107
67 109
67 149
68 11
68 24
68 32
68 33
68 45
68 47
68 51
68 57
68 64
68 80
68 104
68 116
69 14
69 28
69 41
69 50
69 53
69 54
69 60
69 62
69 66
69 72
69 119
69 128
69 139
69 144
70 6
70 19
70 36
70 39
70 43
70 55
70 60
70 71
70 80
70 95
70 140
70 148
71 5
71 6
71 7
71 8
71 15
71 40
71 44
71 65
71 67
71 75
71 95
71 101
71 112
72 11
72 110
72 113
72 127
72 138
72 140
72 144
73 1
73 36
73 40
73 49
73 86
73 112
73 125
73 128
73 147
74 23
74 28
74 30
74 41
74 45
74 83
74 84
74 89
74 96
74 97
74 106
74 120
74 122
74 127
74 129
74 142
74 143
74 146
75 3
75 46
75 82
75 83
75 101
75 103
75 107
75 128
75 134
75 149
76 27
76 96
76 106
76 122
76 126
76 130
76 148
77 8
77 39
77 40
77 61
77 65
77 70
77 72
77 94
77 101
77 105
77 126
77 132
77 138
77 142
78 3
78 7
78 10
78 46
78 50
78 55
78 59
78 63
78 100
78 103
78 111
78 127
78 139
79 29
79 42
79 44
79 60
79 61
79 82
79 88
79 91
79 92
79 97
79 128
79 138
79 146
80 3
80 14
80 16
80 41
80 71
80 92
80 108
80 128
80 135
80 136
81 7
81 10
81 20
81 23
81 38
81 40
81 49
81 54
81 57
81 82
81 99
81 145
82 3
82 7
82 14
82 61
82 65
82 76
82 114
82 115
82 121
82 125
82 127
82 137
83 10
83 15
83 26
83 36
83 53
83 54
83 69
83 101
83 115
83 130
84 8
84 13
84 25
84 50
84 51
84 55
84 67
84 83
84 88
84 99
84 103
84 130
84 141
84 144
84 146
85 4
85 32
85 41
85 72
85 77
85 78
85 89
85 91
85 93
85 133
86 19
86 31
86 68
86 103
86 106
86 110
86 142
86 146
87 7
87 21
87 48
87 52
87 60
87 65
87 67
87 68
87 69
87 70
87 71
87 74
87 80
87 93
87 98
87 115
87 123
87 144
87 146
88 11
88 18
88 24
88 31
88 43
88 53
88 84
88 89
88 110
88 116
88 117
88 123
88 131
88 135
88 136
89 0
89 3
89 5
89 10
89 35
89 36
89 43
89 47
89 71
89 108
89 122
89 140
90 3
90 8
90 22
90 35
90 43
90 44
90 46
90 49
90 56
90 69
90 80
90 81
90 84
90 88
90 97
90 130
90 133
90 145
90 148
91 18
91 20
91 34
91 66
91 70
91 85
91 93
91 94
91 97
91 100
91 105
91 106
91 136
91 139
92 2
92 15
92 23
92 36
92 41
92 47
92 54
92 57
92 72
92 101
92 102
92 116
92 138
92 145
93 30
93 44
93 58
93 62
93 111
93 115
93 142
94 11
94 15
94 17
94 25
94 33
94 65
94 81
94 121
94 131
94 135
94 139
95 4
95 12
95 15
95 16
95 27
95 37
95 40
95 51
95 65
95 74
95 75
95 77
95 101
95 123
95 141
96 1
96 19
96 38
96 39
96 42
96 51
96 84
96 93
96 100
96 115
96 117
96 125
96 126
96 130
96 132
96 137
96 145
97 11
97 49
97 79
97 86
97 98
97 113
97 124
98 14
98 18
98 23
98 24
98 38
98 42
98 46
98 62
98 63
98 66
98 75
98 86
98 87
98 112
98 129
98 131
98 132
98 133
98 146
99 1
99 2
99 6
99 32
99 77
99 78
99 140
100 2
100 3
100 9
100 30
100 55
100 73
100 75
100 81
100 82
100 86
100 99
100 111
100 116
100 140
100 142
100 149
101 27
101 31
101 43
101 46
101 58
101 69
101 73
101 75
101 100
101 102
101 107
101 124
101 128
101 142
102 20
102 29
102 45
102 46
102 50
102 70
102 84
102 87
102 93
102 96
102 97
102 107
102 110
102 127
102 142
103 2
103 6
103 22
103 27
103 29
103 43
103 61
103 100
103 110
103 116
103 127
103 129
103 149
104 12
104 18
104 24
104 30
104 35
104 45
104 48
104 84
104 102
104 106
104 132
105 7
105 10
105 26
105 44
105 48
105 65
105 68
105 77
105 80
105 84
105 101
105 104
106 38
106 46
106 47
106 50
106 51
106 57
106 82
106 83
106 109
106 110
106 111
106 114
106 124
106 132
106 136
107 12
107 18
107 52
107 56
107 58
107 61
107 68
107 70
107 82
107 84
107 88
107 92
107 95
107 124
107 138
107 147
108 23
108 48
108 59
108 88
108 115
108 117
108 129
108 130
109 23
109 44
109 49
109 70
109 82
109 88
109 91
109 123
109 130
109 135
109 144
110 3
110 5
110 26
110 32
110 39
110 55
110 59
110 71
110 79
110 95
110 103
110 134
111 12
111 20
111 24
111 29
111 36
111 77
111 89
111 94
111 103
111 120
111 129
111 130
111 138
111 146
112 10
112 11
112 12
112 15
112 28
112 40
112 44
112 71
112 85
112 92
112 93
112 96
112 98
112 106
112 111
112 128
112 139
113 79
113 83
113 89
113 92
113 93
113 121
113 131
114 55
114 109
114 119
114 128
114 142
114 145
115 7
115 14
115 27
115 46
115 57
115 88
115 109
115 112
115 123
115 131
115 137
116 14
116 16
116 24
116 46
116 56
116 67
116 72
116 75
116 83
116 96
116 113
116 121
117 29
117 36
117 38
117 48
117 50
117 64
117 76
117 79
117 82
117 83
117 84
117 91
117 98
117 118
117 122
117 127
118 5
118 39
118 41
118 84
118 93
118 112
118 127
118 128
118 129
118 132
118 136
118 139
118 144
119 10
119 15
119 21
119 30
119 31
119 34
119 46
119 59
119 62
119 98
119 105
119 114
119 127
119 139
119 146
120 34
120 41
120 57
120 66
120 86
120 92
120 103
120 117
121 4
121 7
121 36
121 39
121 50
121 94
121 128
121 133
122 7
122 36
122 40
122 50
122 63
122 64
122 81
122 85
122 89
122 91
122 100
122 129
122 136
122 148
122 149
123 6
123 16
123 27
123 64
123 68
123 70
123 88
123 93
123 97
123 115
123 124
123 140
123 143
124 2
124 7
124 46
124 49
124 55
124 60
124 67
124 68
124 69
124 70
124 113
124 128
125 9
125 16
125 24
125 35
125 41
125 89
125 90
125 95
125 96
125 97
125 115
125 119
125 145
126 18
126 34
126 63
126 74
126 77
126 85
126 100
126 102
126 104
126 119
126 142
126 147
127 5
127 8
127 25
127 55
127 65
127 69
127 82
127 86
127 95
127 99
127 107
127 114
127 132
127 138
127 140
127 144
128 16
128 24
128 34
128 36
128 114
128 116
128 142
129 28
129 37
129 40
129 51
129 68
129 114
129 143
130 9
130 10
130 23
130 26
130 43
130 66
130 82
130 88
130 98
130 107
130 115
130 126
130 129
130 133
131 6
131 20
131 49
131 52
131 55
131 58
131 64
131 81
131 103
131 104
131 106
131 117
131 133
131 149
132 2
132 28
132 34
132 36
132 53
132 55
132 71
132 72
132 90
132 93
132 95
132 103
132 107
132 112
132 113
132 135
132 140
133 52
133 53
133 60
133 65
133 78
133 113
133 121
133 124
134 1
134 32
134 67
134 71
134 72
134 77
134 87
134 88
134 109
134 126
134 136
135 1
135 23
135 27
135 28
135 52
135 56
135 67
135 72
135 74
135 78
135 81
135 85
135 90
135 112
135 115
135 134
135 143
135 148
136 1
136 2
136 11
136 12
136 65
136 76
136 87
136 93
136 118
136 127
136 133
136 139
136 148
137 5
137 28
137 43
137 64
137 73
137 77
137 83
137 88
137 114
137 118
137 122
137 129
137 134
138 30
138 42
138 44
138 48
138 49
138 51
138 63
138 83
138 86
138 88
138 109
138 115
138 124
138 127
138 135
138 149
139 0
139 1
139 14
139 33
139 42
139 52
139 79
139 86
139 89
139 91
139 95
139 106
139 115
140 41
140 54
140 65
140 84
140 90
140 107
140 116
140 118
141 7
141 13
141 26
141 29
141 39
141 62
141 82
141 93
141 102
141 107
141 108
141 109
141 145
142 5
142 6
142 41
142 52
142 53
142 68
142 72
142 88
142 120
142 127
142 131
142 141
143 1
143 7
143 10
143 23
143 26
143 29
143 51
143 62
143 72
143 73
143 85
143 93
143 132
143 148
144 6
144 16
144 17
144 28
144 32
144 53
144 78
144 81
144 87
144 90
144 133
144 143
145 0
145 8
145 14
145 20
145 28
145 33
145 38
145 47
145 48
145 51
145 52
145 57
145 134
145 143
145 147
146 2
146 12
146 21
146 24
146 38
146 59
146 70
146 78
146 93
146 99
146 108
146 115
146 126
146 135
146 138
147 6
147 54
147 56
147 69
147 95
147 106
147 137
148 9
148 27
148 35
148 50
148 91
148 120
148 129
148 134
148 138
149 3
149 6
149 21
149 51
149 53
149 66
149 72
149 76
149 92
149 104
149 113
149 114
149 129
149 136
149 141
149 142
