0 13
0 14
0 22
0 26
0 29
0 43
0 51
0 66
0 80
0 83
0 91
0 92
0 98
0 99
0 100
0 101
0 108
0 119
0 124
0 125
0 133
0 134
0 138
0 139
0 142
1 21
1 25
1 32
1 68
1 84
1 114
1 122
2 8
2 37
2 49
2 67
2 105
2 110
2 112
2 134
2 137
3 12
3 29
3 49
3 57
3 60
3 72
3 74
3 78
3 84
3 88
3 99
3 108
3 135
4 31
4 43
4 71
4 76
4 79
4 84
4 90
4 91
4 102
4 137
4 138
5 6
5 26
5 51
5 57
5 61
5 74
5 76
5 77
5 79
5 84
5 93
5 119
6 14
6 22
6 27
6 30
6 42
6 54
6 55
6 63
6 71
6 73
6 74
6 81
6 87
6 89
6 102
6 112
6 115
6 148
7 1
7 8
7 24
7 34
7 47
7 62
7 75
7 89
7 104
7 107
7 113
7 117
7 130
7 135
8 0
8 19
8 31
8 36
8 61
8 68
8 72
8 74
8 75
8 108
8 137
8 138
8 145
8 146
9 12
9 18
9 35
9 39
9 44
9 50
9 60
9 65
9 70
9 122
9 136
10 13
10 38
10 61
10 62
10 91
10 104
10 105
10 107
10 110
10 146
11 63
11 64
11 88
11 89
11 90
11 95
11 131
11 147
12 23
12 49
12 88
12 89
12 108
12 138
12 139
13 0
13 18
13 21
13 59
13 65
13 68
13 77
13 95
13 124
13 126
13 131
13 132
13 137
14 4
14 9
14 16
14 20
14 22
14 43
14 49
14 62
14 69
14 81
14 96
14 106
14 112
14 130
15 4
15 5
15 12
15 19
15 30
15 31
15 33
15 42
15 45
15 52
15 58
15 59
15 63
15 67
15 89
15 93
15 99
15 144
15 146
15 149
16 2
16 6
16 12
16 29
16 34
16 40
16 57
16 112
16 122
16 140
16 147
17 19
17 80
17 115
17 130
17 138
18 1
18 6
18 15
18 88
18 95
18 98
18 116
19 1
19 15
19 80
19 112
19 120
19 124
19 132
20 13
20 37
20 43
20 48
20 49
20 57
20 72
20 77
20 93
20 108
20 109
20 121
20 123
20 130
20 132
20 135
20 136
20 138
20 147
21 6
21 10
21 14
21 27
21 44
21 62
21 110
21 111
21 118
21 129
22 46
22 56
22 61
22 68
22 93
22 98
22 110
22 122
22 131
22 143
23 14
23 21
23 24
23 49
23 63
23 102
23 130
23 149
24 10
24 13
24 23
24 50
24 51
24 52
24 67
24 73
24 83
24 103
24 110
24 118
24 129
25 6
25 10
25 29
25 34
25 46
25 65
25 81
25 87
25 109
25 112
25 130
25 136
25 137
25 147
25 149
26 7
26 10
26 17
26 37
26 39
26 40
26 42
26 69
26 77
26 98
26 106
26 113
26 118
26 123
26 133
26 138
26 141
27 7
27 30
27 36
27 57
27 72
27 86
27 109
27 113
27 124
27 126
27 135
27 138
27 143
28 0
28 1
28 7
28 10
28 40
28 41
28 51
28 56
28 70
28 89
28 91
28 114
28 142
28 149
29 6
29 9
29 73
29 108
29 109
29 110
29 115
29 118
29 140
29 147
30 12
30 31
30 34
30 82
30 102
30 103
30 118
30 121
30 125
30 129
30 147
31 2
31 13
31 37
31 49
31 53
31 56
31 75
31 91
31 102
31 115
31 120
31 135
32 5
32 7
32 12
32 22
32 35
32 38
32 51
32 53
32 66
32 87
32 92
32 93
32 107
32 108
32 145
33 17
33 26
33 32
33 52
33 78
33 79
33 112
33 125
33 144
33 147
34 3
34 10
34 16
34 47
34 59
34 70
34 75
34 85
34 110
34 113
34 114
34 122
34 125
34 135
35 13
35 23
35 36
35 88
35 105
35 134
35 141
35 145
36 5
36 14
36 69
36 78
36 81
36 126
36 129
36 140
37 11
37 17
37 19
37 20
37 27
37 28
37 35
37 44
37 87
37 97
37 99
37 105
37 113
37 137
37 143
37 145
38 1
38 30
38 31
38 32
38 34
38 49
38 89
38 94
38 102
38 105
38 124
38 127
39 9
39 44
39 53
39 65
39 75
39 92
39 101
39 102
39 108
39 115
39 138
39 143
39 148
40 2
40 3
40 33
40 36
40 45
40 46
40 66
40 72
40 83
40 102
40 122
40 126
41 2
41 3
41 7
41 33
41 50
41 72
41 101
41 119
41 124
41 144
42 5
42 31
42 47
42 69
42 75
42 82
42 110
42 125
42 132
42 139
42 146
43 3
43 10
43 15
43 23
43 44
43 47
43 57
43 58
43 68
43 81
43 87
43 134
43 145
44 0
44 16
44 37
44 46
44 54
44 56
44 68
44 71
44 79
44 81
44 105
44 108
44 145
45 3
45 19
45 41
45 46
45 51
45 79
45 84
45 91
45 98
45 109
45 110
45 113
46 5
46 35
46 36
46 60
46 85
46 94
46 111
46 125
46 128
47 19
47 34
47 52
47 58
47 61
47 62
47 92
47 99
47 112
47 127
47 142
47 149
48 13
48 29
48 34
48 49
48 52
48 60
48 62
48 67
48 79
48 81
48 92
48 95
48 108
48 133
48 138
49 14
49 28
49 38
49 48
49 55
49 83
49 102
49 103
49 111
49 119
50 17
50 24
50 48
50 78
50 84
50 142
51 13
51 42
51 47
51 57
51 85
51 99
51 104
51 113
51 134
51 138
51 145
52 13
52 43
52 65
52 90
52 109
52 124
52 138
52 144
52 145
53 8
53 9
53 13
53 23
53 26
53 28
53 41
53 42
53 117
53 148
53 149
54 7
54 11
54 43
54 53
54 68
54 83
54 140
55 0
55 9
55 11
55 15
55 23
55 35
55 43
55 62
55 65
55 69
55 77
55 117
55 119
55 121
55 145
56 8
56 31
56 36
56 40
56 43
56 45
56 53
56 91
56 99
56 126
56 130
56 133
57 5
57 20
57 43
57 45
57 53
57 60
57 83
57 84
57 91
57 93
57 104
57 109
57 110
57 119
57 124
57 127
57 129
57 139
58 9
58 14
58 41
58 43
58 56
58 57
58 62
58 75
58 77
58 90
58 110
58 114
59 12
59 29
59 46
59 55
59 62
59 92
59 104
59 118
59 124
59 130
59 143
60 36
60 54
60 59
60 73
60 84
60 96
60 102
60 109
60 110
60 136
61 13
61 25
61 31
61 35
61 37
61 47
61 95
61 122
61 139
61 141
61 148
62 2
62 6
62 50
62 56
62 64
62 83
62 135
63 24
63 34
63 35
63 45
63 48
63 49
63 66
63 68
63 76
63 83
63 86
63 92
63 94
63 99
63 109
63 115
63 117
63 121
63 126
63 129
63 137
63 140
63 143
63 149
64 17
64 41
64 48
64 49
64 57
64 73
64 99
64 106
64 135
64 138
65 8
65 9
65 36
65 51
65 55
65 75
65 96
65 101
65 107
65 123
65 126
65 137
65 141
66 14
66 15
66 36
66 37
66 39
66 44
66 47
66 56
66 69
66 73
66 89
66 91
66 109
66 121
66 126
67 13
67 43
67 54
67 59
67 69
67 74
67 78
67 89
67 92
67 98
67 115
67 130
68 0
68 15
68 28
68 48
68 58
68 59
68 61
68 64
68 71
68 76
68 78
68 100
68 130
68 147
69 3
69 7
69 20
69 43
69 49
69 50
69 61
69 64
69 68
69 73
69 87
69 89
69 107
69 116
69 124
69 135
69 142
69 143
69 145
70 6
70 8
70 16
70 39
70 66
70 73
70 78
70 100
70 133
70 136
71 30
71 34
71 40
71 50
71 55
71 67
71 96
71 108
71 118
71 125
71 137
71 138
71 143
71 144
72 9
72 18
72 34
72 36
72 44
72 53
72 73
72 114
72 119
72 129
73 75
73 77
73 82
73 85
73 103
73 114
73 123
73 145
74 14
74 26
74 40
74 49
74 60
74 99
74 105
74 138
74 143
75 86
75 93
75 97
75 98
75 118
75 138
75 143
76 16
76 22
76 27
76 28
76 39
76 75
76 79
76 93
76 107
76 109
76 131
76 135
77 11
77 14
77 25
77 55
77 70
77 73
77 79
77 83
77 98
77 100
77 102
77 128
77 131
77 136
77 139
78 16
78 34
78 37
78 61
78 71
78 91
78 99
78 111
78 115
78 121
78 140
78 144
79 1
79 4
79 9
79 10
79 23
79 26
79 38
79 59
79 77
79 83
79 94
79 98
79 101
79 127
79 142
80 6
80 28
80 31
80 39
80 64
80 74
80 75
80 79
80 99
80 105
80 120
80 137
80 143
80 147
80 148
81 1
81 11
81 24
81 42
81 44
81 51
81 97
81 109
81 126
81 130
81 132
81 136
82 11
82 18
82 19
82 29
82 33
82 36
82 43
82 45
82 56
82 57
82 101
82 103
82 120
82 124
82 129
83 29
83 45
83 63
83 82
83 84
83 97
83 114
83 126
83 133
83 135
84 0
84 13
84 39
84 40
84 49
84 66
84 113
84 124
84 147
85 2
85 13
85 26
85 50
85 96
85 114
85 143
85 148
86 12
86 27
86 51
86 58
86 80
86 103
86 128
86 139
86 143
87 13
87 17
87 18
87 37
87 50
87 68
87 70
87 83
87 84
87 86
87 99
87 112
87 124
87 139
87 142
88 49
88 54
88 91
88 98
88 112
89 2
89 19
89 24
89 38
89 43
89 45
89 72
89 81
89 90
89 141
89 142
89 143
89 148
90 18
90 28
90 44
90 45
90 47
90 50
90 54
90 85
90 86
90 112
91 1
91 17
91 28
91 36
91 41
91 43
91 73
91 100
91 104
91 111
91 141
91 142
91 146
92 19
92 38
92 40
92 46
92 52
92 56
92 57
92 59
92 78
92 80
92 91
92 93
92 94
92 108
92 119
92 126
92 134
92 140
92 146
93 9
93 18
93 27
93 35
93 40
93 50
93 51
93 61
93 62
93 67
93 86
93 100
93 103
93 110
93 128
93 148
94 30
94 31
94 36
94 43
94 57
94 93
94 112
94 123
94 126
94 128
94 129
94 144
94 149
95 11
95 12
95 22
95 31
95 61
95 65
95 68
95 79
95 81
95 97
95 129
95 130
96 39
96 51
96 64
96 78
96 79
96 80
96 98
96 104
96 125
97 31
97 40
97 44
97 61
97 80
97 81
97 84
97 105
97 116
97 117
98 8
98 11
98 27
98 31
98 32
98 41
98 59
98 72
98 78
98 92
98 99
98 111
98 119
98 124
99 17
99 43
99 48
99 66
99 69
99 83
99 86
99 94
99 117
99 143
100 12
100 16
100 47
100 49
100 63
100 70
100 76
100 79
100 122
100 132
100 136
100 144
101 0
101 29
101 35
101 39
101 40
101 60
101 79
101 93
101 102
101 121
101 122
101 130
101 134
101 137
101 142
102 3
102 20
102 25
102 44
102 80
102 104
102 106
103 14
103 15
103 22
103 24
103 25
103 34
103 36
103 48
103 73
103 78
103 95
103 100
103 101
103 104
103 122
103 129
103 134
103 141
104 12
104 13
104 24
104 44
104 45
104 70
104 72
104 75
104 78
104 83
104 84
104 97
104 100
104 105
104 124
104 132
104 139
104 145
105 10
105 31
105 61
105 68
105 83
105 90
105 94
105 114
105 117
105 124
105 137
106 5
106 9
106 23
106 33
106 34
106 72
106 89
106 93
106 115
106 117
106 121
106 123
106 144
107 15
107 17
107 29
107 33
107 38
107 47
107 50
107 53
107 59
107 75
107 97
107 100
107 104
107 117
107 132
108 1
108 5
108 17
108 22
108 26
108 29
108 48
108 58
108 73
108 82
108 87
108 92
108 94
108 103
108 114
108 116
109 3
109 37
109 66
109 74
109 88
109 92
109 99
109 102
109 112
109 117
109 123
109 130
109 131
109 137
109 139
109 144
110 8
110 10
110 15
110 28
110 32
110 67
110 87
110 99
110 104
110 122
110 140
110 141
110 143
111 7
111 11
111 21
111 33
111 45
111 48
111 51
111 57
111 65
111 74
111 87
111 120
111 134
111 146
112 17
112 18
112 24
112 34
112 43
112 47
112 54
112 65
112 66
112 74
112 75
112 99
112 108
112 115
112 121
112 127
112 137
112 147
113 17
113 21
113 28
113 31
113 32
113 38
113 46
113 68
113 84
113 86
113 90
113 99
113 120
113 122
113 123
113 124
113 125
113 130
113 135
113 140
114 7
114 19
114 34
114 39
114 43
114 64
114 77
114 79
114 103
114 115
114 116
114 135
114 140
115 0
115 6
115 19
115 29
115 55
115 67
115 92
115 93
115 108
115 121
116 5
116 8
116 9
116 20
116 26
116 27
116 42
116 55
116 64
116 83
116 97
116 101
116 130
116 137
117 14
117 17
117 20
117 42
117 49
117 59
117 73
117 108
117 118
117 134
117 135
117 141
118 3
118 11
118 21
118 23
118 25
118 30
118 37
118 57
118 59
118 61
118 78
118 88
118 101
118 107
118 127
118 136
118 141
118 145
119 0
119 23
119 88
119 94
119 95
119 102
119 110
119 131
119 139
119 140
119 149
120 14
120 18
120 46
120 72
120 77
120 86
120 88
120 95
120 102
120 109
120 118
120 141
120 143
120 149
121 4
121 26
121 33
121 40
121 49
121 50
121 54
121 57
121 72
121 83
121 94
121 97
121 98
121 110
121 131
121 132
121 134
121 142
121 148
122 3
122 25
122 36
122 40
122 42
122 48
122 53
122 62
122 99
122 123
122 132
122 141
123 3
123 53
123 54
123 57
123 63
123 79
123 90
123 91
123 98
123 99
123 128
123 133
123 146
123 147
124 4
124 23
124 27
124 38
124 42
124 44
124 62
124 63
124 68
124 71
124 103
124 116
124 137
124 143
125 0
125 9
125 45
125 68
125 87
125 89
125 117
125 128
125 136
126 4
126 9
126 40
126 79
126 93
126 114
126 122
126 131
126 135
127 18
127 33
127 46
127 52
127 65
127 73
127 78
127 89
127 99
127 110
127 115
127 135
127 136
127 137
127 148
128 12
128 13
128 72
128 83
128 97
128 101
128 104
128 106
128 107
128 108
128 119
128 126
128 130
128 145
129 21
129 29
129 34
129 41
129 43
129 47
129 49
129 51
129 53
129 84
129 92
129 104
129 131
129 132
130 0
130 2
130 9
130 10
130 13
130 35
130 39
130 41
130 73
130 100
130 109
130 132
130 138
130 140
131 3
131 18
131 36
131 39
131 43
131 53
131 56
131 57
131 63
131 76
131 79
131 81
131 94
131 127
131 129
131 138
132 15
132 28
132 41
132 47
132 48
132 64
132 73
132 105
132 118
132 135
132 148
133 0
133 4
133 20
133 26
133 30
133 35
133 40
133 63
133 80
133 92
133 109
133 116
133 118
133 139
133 145
134 33
134 36
134 54
134 59
134 64
134 72
134 83
134 91
134 111
134 113
134 119
134 148
135 8
135 22
135 23
135 34
135 53
135 60
135 75
135 81
135 88
135 110
135 124
135 133
135 141
136 15
136 26
136 35
136 48
136 52
136 62
136 64
136 68
136 92
136 108
136 111
136 122
137 8
137 23
137 75
137 89
137 98
137 105
137 110
138 18
138 19
138 41
138 51
138 54
138 67
138 78
138 88
138 96
138 111
138 115
138 118
138 119
139 2
139 4
139 11
139 29
139 102
139 116
139 133
139 138
139 147
140 5
140 17
140 30
140 35
140 88
140 103
140 115
140 127
141 7
141 16
141 32
141 40
141 46
141 70
141 83
141 103
141 104
141 117
141 119
141 127
141 129
141 131
141 136
141 139
141 146
142 3
142 11
142 19
142 33
142 35
142 39
142 51
142 82
142 91
142 92
142 128
142 130
142 136
142 137
142 143
142 144
142 145
142 148
143 8
143 43
143 54
143 70
143 71
143 99
143 116
144 33
144 47
144 60
144 62
144 70
144 82
144 86
144 98
144 102
144 104
144 107
144 112
144 119
144 131
144 141
145 9
145 11
145 20
145 40
145 41
145 47
145 49
145 63
145 71
145 72
145 78
145 80
145 110
145 120
145 131
145 143
146 1
146 25
146 28
146 41
146 46
146 54
146 66
146 69
146 103
146 110
146 120
146 122
146 127
146 138
146 139
146 148
147 9
147 17
147 18
147 42
147 59
147 60
147 70
147 75
147 84
147 92
147 96
147 107
147 110
147 121
147 149
148 0
148 2
148 18
148 22
148 44
148 48
148 60
148 94
148 129
148 136
148 139
149 11
149 20
149 36
149 37
149 41
149 42
149 56
149 66
149 81
149 84
149 96
149 98
149 110
149 114
149 131
