0 7
0 15
0 21
0 25
0 28
0 46
0 54
0 55
0 69
0 72
0 75
0 78
0 86
0 105
0 111
0 125
0 138
0 146
1 0
1 29
1 33
1 41
1 63
1 64
1 76
1 114
1 138
1 148
2 10
2 20
2 21
2 33
2 42
2 43
2 72
2 76
2 84
2 105
2 107
2 122
2 128
2 130
2 131
2 147
3 5
3 20
3 26
3 31
3 43
3 47
3 55
3 65
3 94
3 117
3 129
3 138
4 11
4 15
4 17
4 38
4 41
4 46
4 51
4 64
4 99
4 101
4 102
4 115
4 116
4 123
4 135
4 146
5 19
5 21
5 33
5 56
5 66
5 73
5 81
5 95
5 101
5 109
5 117
5 125
6 23
6 40
6 41
6 46
6 63
6 65
6 70
6 77
6 78
6 93
6 96
6 135
7 9
7 16
7 29
7 43
7 56
7 73
7 74
7 82
7 86
7 87
7 100
7 124
7 131
7 147
8 18
8 36
8 38
8 55
8 70
8 86
8 103
8 109
8 132
8 149
9 0
9 7
9 26
9 39
9 68
9 74
9 129
9 136
9 141
10 11
10 20
10 34
10 73
10 110
10 126
10 137
10 140
11 5
11 18
11 29
11 34
11 49
11 67
11 77
11 99
11 122
11 130
11 147
11 148
12 3
12 7
12 26
12 36
12 38
12 46
12 60
12 67
12 85
12 89
12 106
12 110
12 123
12 130
12 147
13 4
13 12
13 14
13 18
13 24
13 41
13 49
13 51
13 52
13 59
13 74
13 76
13 91
13 133
13 141
14 16
14 39
14 44
14 53
14 61
14 64
14 67
14 108
14 130
14 144
14 148
15 0
15 4
15 24
15 40
15 42
15 53
15 88
15 93
16 4
16 9
16 19
16 21
16 25
16 33
16 39
16 59
16 62
16 72
16 76
16 78
16 115
16 127
16 129
17 3
17 6
17 8
17 23
17 34
17 57
17 74
17 88
17 90
17 111
17 114
17 138
17 139
17 145
18 0
18 14
18 64
18 71
18 73
18 74
18 100
18 136
18 147
19 16
19 28
19 29
19 33
19 38
19 41
19 55
19 59
19 67
19 72
19 80
19 87
19 91
19 106
19 107
19 112
19 124
19 135
19 144
19 147
20 18
20 25
20 26
20 28
20 53
20 65
20 68
20 77
20 81
20 89
20 109
20 123
20 127
20 142
21 5
21 10
21 35
21 38
21 56
21 66
21 70
21 74
21 84
21 108
21 110
21 111
21 120
21 124
22 7
22 18
22 44
22 68
22 69
22 78
22 86
22 91
22 103
22 112
22 134
23 1
23 2
23 9
23 15
23 25
23 26
23 29
23 33
23 42
23 44
23 48
23 63
23 80
23 98
23 101
23 103
23 104
23 114
23 117
23 118
23 124
23 133
24 20
24 21
24 53
24 106
24 110
24 124
24 138
24 140
24 143
24 144
25 11
25 63
25 70
25 75
25 84
25 89
25 91
25 95
25 109
25 115
25 118
25 134
25 142
25 148
26 4
26 6
26 11
26 17
26 51
26 53
26 68
26 72
26 82
26 84
26 126
27 3
27 6
27 14
27 17
27 25
27 33
27 45
27 57
27 61
27 65
27 67
27 68
27 89
27 93
27 115
27 145
28 1
28 8
28 52
28 62
28 80
28 100
28 106
28 129
28 139
28 147
29 43
29 44
29 49
29 68
29 70
29 80
29 85
29 88
29 92
29 108
29 111
29 114
29 115
29 123
29 134
29 138
29 145
30 5
30 12
30 24
30 34
30 39
30 58
30 68
30 83
30 96
30 102
30 112
30 135
30 142
31 19
31 24
31 44
31 47
31 63
31 94
31 98
31 138
32 1
32 3
32 5
32 38
32 44
32 60
32 63
32 67
32 79
32 84
32 91
32 100
32 106
32 108
32 109
32 124
32 144
33 24
33 54
33 56
33 60
33 69
33 102
33 134
33 141
33 144
34 5
34 10
34 75
34 81
34 92
34 94
34 122
35 8
35 48
35 50
35 55
35 67
35 87
35 92
35 103
35 107
35 115
35 121
35 123
36 5
36 33
36 46
36 62
36 66
36 85
36 87
36 109
36 111
36 115
36 118
36 127
37 3
37 4
37 21
37 23
37 24
37 28
37 31
37 48
37 59
37 78
37 80
37 106
37 114
37 119
37 133
38 8
38 17
38 26
38 33
38 43
38 46
38 56
38 61
38 82
38 89
38 125
38 131
38 139
38 140
38 142
38 144
39 10
39 23
39 40
39 85
39 106
39 113
39 122
39 146
40 3
40 6
40 11
40 29
40 33
40 47
40 55
40 56
40 70
40 75
40 80
40 84
40 93
40 96
40 99
40 105
40 121
40 124
40 143
41 12
41 13
41 18
41 30
41 66
41 115
41 126
41 132
41 134
41 135
41 141
41 144
41 147
41 149
42 7
42 13
42 20
42 35
42 49
42 51
42 52
42 53
42 64
42 72
42 74
42 77
42 82
42 96
42 104
42 105
42 106
42 120
42 138
42 143
43 13
43 17
43 20
43 42
43 73
43 80
43 84
43 98
43 101
43 115
43 124
43 143
43 146
44 9
44 19
44 30
44 34
44 66
44 71
44 82
44 99
44 105
44 128
44 129
44 147
45 19
45 20
45 22
45 23
45 26
45 32
45 73
45 126
46 17
46 57
46 60
46 70
46 80
46 103
46 109
46 121
47 3
47 15
47 19
47 65
47 74
47 75
47 79
47 124
47 126
47 132
47 143
48 22
48 76
48 90
48 98
48 112
48 121
48 132
48 134
48 138
48 147
49 3
49 4
49 22
49 45
49 47
49 69
49 97
49 99
49 108
49 115
49 146
50 0
50 9
50 11
50 19
50 34
50 48
50 49
50 69
50 74
50 78
50 90
50 105
50 107
50 113
50 125
50 127
50 136
51 5
51 12
51 18
51 19
51 46
51 61
51 62
51 76
51 77
51 78
51 86
51 94
51 97
51 98
51 122
51 137
51 138
52 6
52 24
52 35
52 58
52 65
52 74
52 77
52 80
52 81
52 93
52 100
52 110
52 114
52 121
52 125
52 130
52 136
53 21
53 43
53 44
53 54
53 65
53 66
53 82
53 83
53 91
53 102
53 116
53 117
53 118
53 127
53 132
53 134
53 145
54 9
54 19
54 26
54 55
54 64
54 85
54 108
54 113
54 139
54 145
55 10
55 13
55 22
55 50
55 81
55 97
55 113
55 120
55 127
56 2
56 5
56 13
56 26
56 29
56 62
56 65
56 73
56 80
56 99
56 102
56 108
56 109
56 116
56 118
56 133
56 135
56 139
56 143
57 21
57 28
57 50
57 75
57 84
57 105
57 119
57 131
57 133
57 137
57 139
57 143
57 144
57 145
57 147
58 2
58 8
58 21
58 46
58 50
58 90
58 107
58 116
58 120
58 134
58 141
59 7
59 29
59 47
59 84
59 97
59 105
59 128
59 132
59 137
59 141
59 142
59 148
60 15
60 16
60 29
60 33
60 35
60 43
60 73
60 78
60 87
60 123
60 144
60 147
61 1
61 29
61 58
61 72
61 85
61 91
61 98
61 117
62 12
62 15
62 22
62 41
62 59
62 78
62 109
62 116
62 119
62 134
62 149
63 3
63 6
63 9
63 20
63 50
63 58
63 106
63 119
63 131
64 8
64 22
64 34
64 43
64 45
64 46
64 53
64 117
64 125
64 129
65 4
65 13
65 20
65 51
65 56
65 79
65 86
65 87
65 99
65 120
65 121
65 137
65 146
66 58
66 86
66 97
66 101
66 110
66 116
66 140
66 142
66 145
67 14
67 30
67 38
67 48
67 74
67 76
67 99
67 119
67 123
67 132
67 137
67 141
68 3
68 7
68 17
68 21
68 32
68 63
68 71
68 86
68 105
68 107
68 112
68 116
68 132
69 6
69 22
69 26
69 28
69 47
69 68
69 77
69 78
69 84
69 110
69 121
69 144
69 147
70 10
70 29
70 52
70 56
70 92
70 132
70 142
71 10
71 33
71 34
71 35
71 45
71 52
71 53
71 54
71 55
71 73
71 74
71 90
71 113
71 118
71 131
71 134
71 146
72 0
72 12
72 24
72 34
72 39
72 42
72 54
72 58
72 94
72 98
72 99
72 102
72 128
72 131
73 2
73 28
73 47
73 85
73 121
74 23
74 35
74 55
74 89
74 94
74 99
74 100
74 116
74 122
74 133
74 146
75 7
75 23
75 38
75 52
75 53
75 72
75 73
75 77
75 108
75 117
75 127
75 143
75 147
76 0
76 7
76 40
76 50
76 52
76 70
76 95
76 98
76 110
76 145
76 146
77 14
77 17
77 45
77 46
77 59
77 62
77 71
77 83
77 87
77 89
77 103
77 106
77 116
77 134
77 144
78 4
78 16
78 17
78 18
78 27
78 55
78 59
78 68
78 94
78 96
78 100
78 117
78 119
78 130
78 134
78 149
79 4
79 7
79 14
79 17
79 24
79 32
79 38
79 61
79 96
79 109
79 112
79 119
79 124
79 129
79 137
80 4
80 7
80 13
80 16
80 30
80 33
80 51
80 78
80 89
80 97
80 98
80 117
80 121
80 128
80 130
81 4
81 10
81 17
81 20
81 55
81 58
81 66
81 110
81 142
81 144
82 3
82 6
82 12
82 42
82 65
82 84
82 85
82 97
82 117
82 119
82 120
82 128
82 137
82 142
83 20
83 27
83 33
83 38
83 43
83 51
83 64
83 65
83 78
83 98
83 104
83 107
83 115
83 139
83 146
83 147
84 23
84 47
84 51
84 71
84 74
84 80
84 90
84 94
84 100
84 108
84 113
84 114
84 132
84 141
85 1
85 5
85 45
85 46
85 53
85 55
85 58
85 70
85 79
85 81
85 105
85 110
85 139
86 21
86 26
86 28
86 37
86 43
86 44
86 62
86 63
86 66
86 97
86 111
86 117
86 127
86 136
87 13
87 18
87 20
87 26
87 35
87 51
87 62
87 79
87 81
87 111
87 128
87 134
87 136
87 137
87 144
87 148
87 149
88 10
88 17
88 18
88 28
88 38
88 45
88 52
88 61
88 62
88 70
88 92
88 103
88 105
88 110
88 142
89 20
89 51
89 70
89 82
89 85
89 95
89 138
89 141
90 0
90 7
90 28
90 38
90 51
90 111
90 118
90 145
91 31
91 65
91 76
91 109
91 111
91 120
91 124
92 22
92 28
92 31
92 32
92 34
92 42
92 47
92 54
92 83
92 85
92 94
92 95
92 110
92 128
93 12
93 32
93 36
93 40
93 81
93 94
93 95
93 107
93 111
93 117
93 120
93 131
94 27
94 31
94 32
94 34
94 39
94 41
94 67
94 123
94 133
94 142
95 3
95 7
95 14
95 30
95 44
95 51
95 79
95 84
95 87
95 117
95 118
95 135
95 136
95 140
96 7
96 8
96 26
96 34
96 35
96 43
96 45
96 68
96 71
96 72
96 115
96 126
96 138
96 142
97 7
97 24
97 27
97 47
97 67
97 78
97 91
97 98
97 99
97 100
97 103
97 129
98 14
98 27
98 28
98 31
98 39
98 50
98 51
98 59
98 61
98 67
98 81
98 95
98 111
98 117
98 140
99 0
99 8
99 21
99 24
99 34
99 38
99 56
99 61
99 62
99 81
99 88
99 98
99 109
99 115
99 125
99 126
100 0
100 3
100 14
100 31
100 32
100 43
100 51
100 57
100 61
100 62
100 76
100 89
100 94
100 111
100 118
100 126
100 138
100 140
101 1
101 14
101 22
101 43
101 62
101 68
101 71
101 75
101 92
101 119
101 147
102 8
102 12
102 18
102 21
102 23
102 28
102 45
102 47
102 71
102 72
102 87
102 104
102 122
102 133
103 1
103 8
103 20
103 86
103 93
103 104
103 107
103 113
103 115
103 137
104 3
104 26
104 39
104 50
104 60
104 81
104 113
104 114
104 129
104 145
104 149
105 22
105 23
105 26
105 37
105 42
105 57
105 61
105 88
105 100
106 6
106 18
106 20
106 32
106 36
106 43
106 44
106 67
106 90
106 118
106 121
106 124
106 149
107 4
107 11
107 12
107 18
107 46
107 50
107 53
107 79
107 94
107 102
107 115
107 117
107 122
107 132
107 137
107 142
108 10
108 20
108 53
108 62
108 66
108 79
108 96
108 100
108 104
108 118
108 120
108 127
108 137
109 11
109 13
109 37
109 47
109 67
109 81
109 92
109 95
109 99
109 106
109 107
109 135
109 138
110 13
110 33
110 39
110 48
110 73
110 91
110 96
110 97
110 99
110 119
110 121
110 123
110 146
111 14
111 24
111 31
111 35
111 36
111 73
111 81
111 102
111 103
111 106
111 139
112 8
112 15
112 20
112 42
112 55
112 62
112 73
112 89
112 97
113 31
113 32
113 46
113 47
113 69
113 95
113 136
113 141
114 1
114 17
114 33
114 35
114 52
114 55
114 78
114 88
114 115
114 143
114 146
115 0
115 14
115 20
115 36
115 41
115 48
115 53
115 79
115 93
115 130
116 21
116 36
116 38
116 58
116 95
116 100
116 108
116 132
116 136
116 137
117 7
117 9
117 21
117 27
117 28
117 37
117 64
117 86
117 90
117 97
117 98
117 110
117 140
118 21
118 25
118 44
118 63
118 95
118 100
118 117
118 127
118 138
119 12
119 35
119 65
119 147
119 148
120 41
120 53
120 56
120 82
120 103
120 111
120 116
120 128
120 149
121 7
121 48
121 51
121 57
121 65
121 83
121 84
121 94
121 130
121 131
122 11
122 15
122 21
122 33
122 38
122 47
122 51
122 54
122 60
122 62
122 76
122 77
122 99
122 100
122 101
122 125
122 135
122 145
122 146
122 147
123 6
123 9
123 18
123 36
123 62
123 79
123 92
123 112
123 121
123 127
123 134
123 146
124 4
124 6
124 23
124 43
124 52
124 66
124 67
124 77
124 82
124 85
124 87
124 97
124 113
124 121
124 139
124 148
125 16
125 17
125 32
125 48
125 65
125 70
125 99
125 121
125 122
125 134
125 146
126 20
126 39
126 63
126 67
126 72
126 79
126 112
127 18
127 27
127 28
127 47
127 49
127 66
127 68
127 70
127 106
127 118
127 126
127 133
128 13
128 28
128 30
128 64
128 79
128 86
128 90
128 94
128 101
128 108
128 115
128 136
128 137
128 142
129 2
129 29
129 37
129 39
129 53
129 78
129 116
129 119
129 126
129 143
130 14
130 17
130 20
130 39
130 50
130 51
130 61
130 63
130 67
130 76
130 80
130 87
130 88
130 89
130 96
130 99
130 100
130 111
130 117
130 124
130 134
131 19
131 21
131 92
131 95
131 99
131 109
131 110
131 117
131 133
132 2
132 25
132 49
132 55
132 84
132 103
132 104
132 110
132 114
132 123
132 125
132 127
132 133
132 144
133 2
133 3
133 65
133 73
133 82
133 88
133 93
133 107
133 111
133 131
133 139
134 44
134 59
134 71
134 76
134 86
134 93
134 109
134 113
134 117
134 122
134 137
134 149
135 15
135 37
135 38
135 40
135 68
135 110
135 116
135 119
135 141
136 4
136 11
136 52
136 63
136 68
136 69
136 74
136 81
136 90
136 97
136 98
136 100
136 103
136 115
136 122
136 128
136 133
136 135
137 7
137 12
137 22
137 24
137 36
137 49
137 96
137 131
138 13
138 17
138 58
138 71
138 73
138 90
139 3
139 31
139 38
139 47
139 74
139 82
139 85
139 101
139 120
139 126
139 145
139 146
140 1
140 3
140 5
140 11
140 18
140 32
140 35
140 37
140 59
140 60
140 65
140 68
140 69
140 97
140 112
140 129
140 149
141 1
141 14
141 15
141 20
141 25
141 28
141 34
141 40
141 41
141 64
141 80
141 87
141 123
141 125
141 135
141 143
141 149
142 7
142 8
142 28
142 29
142 30
142 68
142 75
142 83
142 85
142 90
142 91
142 94
142 110
142 132
142 140
142 141
143 18
143 41
143 50
143 55
143 74
143 86
143 99
143 123
144 4
144 5
144 11
144 24
144 32
144 52
144 62
144 68
144 70
144 99
144 128
144 133
144 137
144 138
144 139
144 140
145 4
145 18
145 36
145 40
145 49
145 52
145 61
145 72
145 100
145 108
145 119
146 3
146 5
146 12
146 19
146 30
146 37
146 38
146 46
146 56
146 81
146 103
146 108
146 109
146 127
146 131
147 11
147 16
147 21
147 60
147 66
147 75
147 81
147 101
147 110
147 113
147 126
148 47
148 55
148 60
148 71
148 82
148 85
148 99
148 116
148 134
148 135
149 6
149 7
149 8
149 24
149 35
149 64
149 72
149 85
149 116
149 131
149 134
149 147
