0 72
0 85
0 86
0 92
0 107
0 109
0 130
0 138
1 2
1 8
1 9
1 11
1 19
1 30
1 31
1 38
1 41
1 61
1 62
1 64
1 97
1 102
1 126
1 132
1 143
2 16
2 17
2 64
2 91
2 97
2 102
2 145
2 148
3 2
3 10
3 25
3 34
3 86
3 110
3 118
3 124
3 127
3 131
3 149
4 3
4 5
4 13
4 49
4 55
4 59
4 65
4 88
4 108
4 117
4 119
4 122
4 131
4 138
5 21
5 27
5 38
5 40
5 43
5 69
5 74
5 79
5 81
5 95
5 125
5 132
6 15
6 18
6 27
6 28
6 29
6 48
6 52
6 55
6 57
6 61
6 63
6 84
6 94
6 95
6 123
7 36
7 41
7 42
7 65
7 75
7 93
7 107
7 116
7 120
7 128
7 130
8 5
8 50
8 80
8 92
8 100
8 102
8 103
8 116
8 127
9 4
9 15
9 17
9 28
9 30
9 33
9 71
9 84
9 106
9 108
9 128
9 134
9 142
9 145
9 147
10 42
10 64
10 68
10 95
10 111
10 124
10 126
10 132
10 133
10 140
10 146
11 4
11 16
11 56
11 61
11 64
11 74
11 87
11 100
11 107
11 109
11 125
11 128
12 6
12 24
12 32
12 39
12 42
12 53
12 60
12 64
12 71
12 79
12 100
12 104
12 119
12 126
12 135
13 22
13 26
13 39
13 55
13 57
13 63
13 64
13 66
13 69
13 112
13 126
14 2
14 16
14 47
14 54
14 60
14 63
14 64
14 83
14 84
14 92
14 107
14 122
14 124
14 139
15 2
15 29
15 66
15 74
15 75
15 87
15 89
15 91
15 110
15 120
15 122
15 149
16 6
16 17
16 32
16 38
16 39
16 47
16 48
16 58
16 64
16 110
16 116
16 123
17 10
17 12
17 13
17 19
17 22
17 36
17 47
17 51
17 86
17 88
17 96
17 99
17 119
17 145
18 7
18 9
18 29
18 34
18 48
18 62
18 66
18 86
18 94
18 112
18 115
18 116
18 123
18 124
18 126
18 129
18 132
18 145
19 7
19 15
19 27
19 45
19 46
19 49
19 52
19 86
19 95
19 96
19 110
19 117
19 123
19 129
19 146
20 2
20 21
20 48
20 100
20 113
20 118
20 131
20 132
20 136
21 8
21 12
21 30
21 40
21 48
21 52
21 59
21 80
21 82
21 111
21 138
21 143
22 0
22 21
22 40
22 43
22 44
22 56
22 69
22 91
22 99
22 108
22 111
22 113
22 123
22 125
22 139
22 149
23 16
23 24
23 30
23 60
23 80
23 107
23 113
23 114
23 133
23 134
23 135
23 141
23 142
24 0
24 12
24 19
24 47
24 50
24 53
24 55
24 62
24 70
24 80
24 83
24 104
24 129
24 130
24 142
24 144
24 146
24 149
25 1
25 11
25 24
25 46
25 57
25 58
25 63
25 64
25 71
25 72
25 76
25 105
25 131
25 133
26 24
26 29
26 77
26 81
26 117
26 127
27 16
27 21
27 47
27 68
27 86
27 106
27 107
27 115
27 136
27 146
28 0
28 5
28 11
28 13
28 37
28 54
28 58
28 64
28 70
28 76
28 89
28 91
28 95
28 103
28 104
28 146
29 4
29 7
29 36
29 49
29 81
29 116
29 118
29 137
29 143
30 1
30 11
30 12
30 29
30 32
30 45
30 48
30 72
30 81
30 101
30 105
30 121
30 137
30 140
31 7
31 39
31 46
31 49
31 68
31 75
31 77
31 84
31 94
31 113
31 120
31 137
31 140
31 141
32 4
32 24
32 27
32 37
32 39
32 44
32 50
32 57
32 149
33 10
33 14
33 15
33 38
33 40
33 50
33 52
33 69
33 71
33 109
33 111
33 123
33 127
33 137
33 143
34 10
34 16
34 18
34 27
34 29
34 41
34 42
34 54
34 85
34 89
34 90
34 92
34 99
34 103
34 105
34 136
34 145
34 148
35 48
35 70
35 89
35 96
35 113
35 122
35 131
35 140
36 8
36 14
36 58
36 61
36 62
36 73
36 87
36 94
36 111
36 133
36 139
37 3
37 9
37 41
37 46
37 62
37 108
37 121
37 134
37 148
38 14
38 31
38 48
38 50
38 56
38 57
38 82
38 91
38 94
38 99
38 107
38 131
38 140
38 143
39 12
39 14
39 23
39 37
39 82
39 98
39 107
39 122
39 132
39 142
40 12
40 46
40 48
40 90
40 105
40 107
40 108
40 110
40 122
40 139
41 10
41 12
41 17
41 36
41 37
41 42
41 47
41 59
41 72
41 83
41 90
41 110
41 122
41 126
41 133
41 144
42 23
42 33
42 46
42 49
42 54
42 55
42 66
42 71
42 73
42 86
42 87
42 100
42 104
42 126
42 142
43 24
43 25
43 27
43 30
43 48
43 60
43 62
43 67
43 88
43 89
43 90
43 108
43 115
43 132
43 135
43 139
43 140
43 147
44 5
44 37
44 68
44 90
44 130
45 1
45 21
45 29
45 31
45 79
45 87
45 88
45 97
45 98
45 128
45 143
46 2
46 4
46 5
46 24
46 38
46 79
46 94
46 103
46 118
46 127
46 138
46 143
47 5
47 28
47 34
47 42
47 57
47 62
47 68
47 91
47 124
47 127
47 142
47 143
48 14
48 33
48 43
48 61
48 64
48 70
48 85
48 86
48 97
48 122
48 125
48 131
48 136
49 3
49 14
49 15
49 57
49 82
49 104
49 123
50 6
50 25
50 30
50 43
50 68
50 111
50 113
50 114
50 115
50 126
50 134
50 140
51 26
51 66
51 71
51 77
51 131
51 133
51 137
51 143
52 2
52 25
52 29
52 30
52 37
52 41
52 42
52 59
52 71
52 82
52 101
52 110
52 135
52 148
53 1
53 15
53 24
53 25
53 28
53 31
53 40
53 43
53 77
53 79
53 80
53 85
53 89
53 107
53 109
53 126
53 144
54 27
54 32
54 36
54 39
54 60
54 61
54 64
54 68
54 78
54 82
54 89
54 103
54 106
54 109
54 110
54 112
54 123
54 146
55 2
55 3
55 17
55 23
55 54
55 71
55 102
55 115
55 118
55 133
55 143
56 1
56 26
56 29
56 47
56 54
56 55
56 64
56 70
56 87
56 102
56 116
56 124
56 132
56 144
57 4
57 16
57 25
57 34
57 38
57 53
57 96
57 99
57 106
57 114
57 142
57 145
58 8
58 21
58 35
58 47
58 56
58 60
58 64
58 65
58 74
58 86
58 104
58 105
58 117
58 125
58 131
59 7
59 11
59 25
59 30
59 31
59 64
59 68
59 88
59 94
59 123
59 126
59 134
59 140
60 1
60 10
60 15
60 52
60 53
60 63
60 64
60 70
60 76
60 94
60 104
60 119
60 137
61 0
61 10
61 18
61 19
61 28
61 31
61 34
61 63
61 67
61 77
61 85
61 96
61 104
61 118
61 127
61 132
61 138
61 146
62 5
62 13
62 26
62 27
62 36
62 41
62 42
62 45
62 90
62 123
62 125
62 139
63 2
63 9
63 18
63 23
63 33
63 38
63 40
63 57
63 65
63 70
63 85
63 87
63 88
63 103
63 143
64 30
64 37
64 59
64 60
64 68
64 71
64 81
64 83
64 97
64 102
64 110
64 117
64 125
64 129
64 134
64 137
64 140
64 142
65 1
65 6
65 9
65 46
65 66
65 80
65 89
65 112
65 113
65 115
65 118
65 124
66 9
66 11
66 37
66 45
66 49
66 53
66 90
66 95
66 102
66 133
66 148
67 1
67 16
67 18
67 26
67 27
67 34
67 52
67 61
67 64
67 70
67 73
67 83
67 93
67 123
67 146
68 7
68 19
68 35
68 40
68 42
68 54
68 64
68 114
68 117
68 135
68 145
69 0
69 11
69 27
69 39
69 45
69 46
69 67
69 86
69 93
69 103
69 114
69 132
69 143
69 145
70 7
70 12
70 20
70 26
70 33
70 44
70 47
70 75
70 99
70 100
70 118
70 130
70 143
70 146
70 147
71 30
71 34
71 52
71 67
71 80
71 100
71 106
71 110
71 119
71 121
71 124
71 125
71 134
72 0
72 1
72 7
72 10
72 15
72 16
72 23
72 29
72 40
72 41
72 46
72 47
72 58
72 60
72 65
72 68
72 109
72 138
72 146
73 6
73 16
73 33
73 41
73 57
73 77
73 88
73 98
73 105
73 121
73 144
74 3
74 10
74 13
74 16
74 37
74 39
74 42
74 49
74 62
74 92
74 106
74 107
74 116
74 130
75 1
75 3
75 7
75 10
75 17
75 23
75 25
75 31
75 36
75 41
75 52
75 54
75 72
75 77
75 86
75 91
75 95
75 102
75 106
75 107
75 108
75 115
75 117
75 130
75 140
75 145
76 2
76 16
76 23
76 41
76 50
76 72
76 85
76 88
76 128
77 2
77 3
77 11
77 14
77 25
77 30
77 39
77 40
77 46
77 60
77 73
77 104
77 126
77 131
78 10
78 17
78 20
78 43
78 52
78 56
78 59
78 60
78 69
78 86
78 90
78 91
78 93
78 110
78 114
78 143
79 8
79 17
79 49
79 60
79 68
79 70
79 73
79 88
79 109
79 116
79 121
79 122
79 125
80 14
80 21
80 28
80 35
80 43
80 54
80 66
80 71
80 75
80 79
80 81
80 87
80 94
80 110
80 130
80 145
80 146
81 2
81 6
81 15
81 27
81 33
81 36
81 42
81 55
81 62
81 75
81 76
81 85
81 87
81 92
81 115
81 135
81 137
81 142
82 4
82 5
82 11
82 28
82 31
82 51
82 52
82 58
82 76
82 113
82 140
82 142
83 27
83 37
83 69
83 82
83 114
83 117
83 121
84 7
84 8
84 15
84 17
84 20
84 37
84 50
84 124
84 133
84 136
84 138
85 8
85 17
85 27
85 39
85 54
85 57
85 69
85 74
85 76
85 86
85 95
85 105
85 112
85 126
85 130
86 2
86 10
86 13
86 15
86 24
86 33
86 44
86 52
86 71
86 89
86 90
86 102
86 103
86 118
86 127
86 129
86 133
87 0
87 5
87 30
87 43
87 67
87 100
87 105
87 145
88 20
88 24
88 35
88 81
88 108
88 119
88 138
88 139
88 146
89 12
89 17
89 20
89 24
89 42
89 79
89 84
89 100
89 115
89 126
90 17
90 27
90 30
90 38
90 40
90 49
90 54
90 61
90 67
90 74
90 80
90 85
90 89
90 108
90 131
90 139
90 142
91 2
91 10
91 29
91 38
91 63
91 114
91 131
91 135
92 3
92 11
92 17
92 23
92 27
92 34
92 49
92 81
92 82
92 83
92 94
92 100
92 107
92 121
92 148
93 19
93 54
93 88
93 101
93 110
93 113
93 115
93 146
94 3
94 37
94 50
94 55
94 74
94 78
94 113
94 145
95 4
95 8
95 10
95 52
95 59
95 63
95 64
95 96
95 98
95 102
95 127
95 130
95 133
95 137
96 23
96 24
96 68
96 89
96 103
96 130
96 147
97 12
97 26
97 27
97 41
97 48
97 52
97 60
97 67
97 80
97 83
97 89
97 92
97 96
97 105
97 120
97 121
97 128
97 148
98 33
98 34
98 51
98 63
98 70
98 88
98 108
98 112
98 142
99 19
99 41
99 45
99 46
99 55
99 61
99 66
99 70
99 82
99 106
99 107
99 137
99 139
100 15
100 17
100 24
100 54
100 64
100 67
100 73
100 124
101 13
101 22
101 57
101 58
101 65
101 67
101 73
101 75
101 114
101 120
101 128
101 139
102 16
102 23
102 34
102 54
102 82
102 86
102 88
102 103
102 112
102 145
103 4
103 14
103 26
103 31
103 36
103 37
103 52
103 64
103 92
103 134
104 24
104 35
104 38
104 49
104 55
104 70
104 77
104 98
104 106
104 122
104 131
104 138
104 141
105 7
105 28
105 33
105 42
105 44
105 48
105 73
105 80
105 90
105 128
105 130
105 134
106 37
106 42
106 49
106 51
106 62
106 65
106 74
106 82
106 85
106 87
106 105
106 109
106 143
106 148
107 24
107 30
107 36
107 41
107 55
107 60
107 66
107 74
107 76
107 83
107 90
107 93
107 102
107 103
107 105
107 128
107 129
107 139
108 26
108 43
108 53
108 64
108 68
108 78
108 121
108 125
108 136
108 137
109 7
109 17
109 19
109 25
109 27
109 56
109 59
109 70
109 76
109 82
109 121
109 128
109 138
109 141
110 42
110 54
110 69
110 74
110 88
110 100
110 111
110 125
110 128
111 2
111 17
111 22
111 29
111 31
111 56
111 57
111 75
111 112
111 113
111 119
111 128
111 141
111 149
112 12
112 26
112 39
112 51
112 58
112 61
112 76
112 78
112 97
112 101
112 107
112 109
113 13
113 20
113 21
113 40
113 56
113 58
113 81
113 88
113 99
113 110
113 119
113 125
114 48
114 68
114 69
114 74
114 78
114 95
114 102
114 128
114 139
114 141
115 9
115 21
115 30
115 47
115 53
115 96
115 114
115 116
115 121
115 130
115 138
115 144
116 28
116 33
116 34
116 38
116 42
116 47
116 50
116 52
116 65
116 66
116 99
116 100
116 115
116 117
116 125
116 128
116 130
117 2
117 7
117 10
117 13
117 54
117 69
117 80
117 90
117 102
117 113
117 118
117 132
117 136
118 8
118 13
118 25
118 33
118 36
118 38
118 60
118 87
118 96
118 103
118 126
118 129
118 144
118 147
119 3
119 9
119 24
119 28
119 36
119 40
119 42
119 45
119 65
119 69
119 76
119 82
119 115
119 117
119 137
120 0
120 9
120 17
120 23
120 24
120 46
120 99
120 116
120 134
120 148
121 2
121 17
121 19
121 22
121 40
121 67
121 76
121 103
121 122
122 17
122 21
122 41
122 79
122 86
122 91
122 104
122 109
122 120
122 136
122 147
123 3
123 8
123 20
123 24
123 27
123 60
123 99
123 100
123 109
123 115
123 118
123 120
124 2
124 8
124 9
124 18
124 25
124 50
124 54
124 56
124 64
124 68
124 79
124 86
124 127
124 145
124 146
125 0
125 5
125 24
125 63
125 66
125 84
125 88
125 94
125 98
125 114
125 118
125 130
125 132
125 145
126 11
126 13
126 18
126 24
126 51
126 65
126 71
126 90
126 100
126 133
126 141
126 143
126 147
127 5
127 25
127 26
127 37
127 39
127 42
127 63
127 73
127 77
127 98
127 124
127 135
127 147
128 6
128 34
128 35
128 82
128 87
128 101
128 117
128 148
129 77
129 88
129 108
129 131
130 10
130 17
130 25
130 48
130 76
130 96
130 98
130 99
130 124
130 127
130 144
130 149
131 17
131 45
131 65
131 69
131 96
131 114
131 126
131 135
131 141
131 143
132 6
132 20
132 27
132 28
132 30
132 44
132 45
132 54
132 55
132 64
132 66
132 82
132 85
132 87
132 88
132 116
132 120
132 121
133 16
133 41
133 63
133 71
133 76
133 78
134 17
134 24
134 25
134 29
134 36
134 64
134 65
134 70
134 77
134 79
134 92
134 96
134 106
134 144
135 0
135 8
135 49
135 59
135 77
135 79
135 90
135 96
135 101
135 103
135 107
135 110
135 123
135 127
135 129
135 130
136 4
136 15
136 24
136 32
136 61
136 73
136 78
136 135
136 137
137 1
137 2
137 16
137 35
137 46
137 90
137 96
137 118
137 122
137 127
137 132
137 138
137 144
138 5
138 22
138 35
138 44
138 59
138 60
138 73
138 76
138 86
138 115
138 148
139 4
139 21
139 47
139 56
139 70
139 74
139 79
139 81
139 97
139 144
140 9
140 14
140 28
140 38
140 44
140 67
140 73
140 77
140 81
140 85
140 88
140 89
140 111
140 113
140 119
140 123
140 139
140 146
141 3
141 33
141 35
141 38
141 59
141 61
141 67
141 71
141 96
141 97
141 106
141 124
141 145
142 5
142 20
142 22
142 30
142 51
142 78
142 80
142 82
142 86
142 93
142 103
142 115
143 5
143 10
143 21
143 36
143 45
143 65
143 113
143 122
143 148
144 31
144 33
144 37
144 59
144 84
144 108
144 132
144 143
145 0
145 3
145 5
145 16
145 24
145 35
145 59
145 86
145 90
145 92
145 102
145 121
145 132
145 146
146 0
146 18
146 36
146 42
146 45
146 48
146 70
146 72
146 124
146 132
146 148
147 12
147 13
147 15
147 40
147 62
147 89
147 113
147 148
148 3
148 14
148 20
148 21
148 38
148 39
148 57
148 89
148 93
148 118
148 119
149 0
149 10
149 19
149 22
149 38
149 45
149 51
149 65
149 124
149 127
149 134
149 145
