0208232 0209002
0208232 0209215
0209002 0208231
0209011 0208232
0209043 0209004
0209047 0208231
0209047 0209002
0209054 0209004
0209059 0209026
0209063 0209003
0209068 0209034
0209068 0209041
0209081 0209009
0209088 0209075
0209088 0209086
0209099 0209089
0209103 0209056
0209114 0209051
0209114 0209069
0209116 0209047
0209122 0209034
0209122 0209068
0209122 0209090
0209135 0209058
0209137 0209223
0209138 0209085
0209138 0209089
0209138 0209099
0209145 0208231
0209145 0209002
0209148 0209042
0209155 0208232
0209155 0209002
0209155 0209011
0209158 0209152
0209159 0209113
0209159 0209120
0209160 0209002
0209163 0209067
0209164 0209059
0209179 0209004
0209179 0209043
0209179 0209054
0209179 0209116
0209181 0209051
0209182 0209104
0209188 0209106
0209191 0209067
0209197 0209122
0209201 0208231
0209201 0208232
0209201 0209002
0209201 0209011
0209206 0209190
0209207 0209190
0209207 0209206
0209214 0209148
0209215 0208231
0209215 0208232
0209215 0209002
0209217 0209090
0209218 0209004
0209219 0209009
0209221 0209008
0209222 0209034
0209222 0209041
0209222 0209090
0209222 0209122
0209223 0209137
0209224 0209047
0209224 0209116
0209225 0208232
0209225 0209085
0209225 0209089
0209225 0209145
0209225 0209155
0209225 0209215
0209229 0209001
0209230 0209228
0209231 0209113
0209231 0209159
0209235 0209067
0209237 0209236
0209240 0209137
0209240 0209223
0209241 0209157
0209244 0208231
0209244 0209155
0209251 0209011
0209255 0209090
0209255 0209122
0209256 0209211
0209257 0209226
0209257 0209227
0209258 0209211
0209263 0208231
0209263 0208232
0209263 0209002
0209263 0209215
0209263 0209244
0209265 0209247
0209266 0209038
0209267 0209038
0209267 0209266
0210004 0209202
0210011 0209205
0210017 0209039
0210022 0209044
0210022 0209107
0210022 0209127
0210029 0209158
0210035 0209226
0210036 0209025
0210043 0209098
0210047 0209244
0210049 0209081
0210049 0209160
0210053 0209046
0210057 0209161
0210058 0209113
0210058 0209120
0210058 0209159
0210058 0209231
0210059 0209104
0210059 0209182
0210061 0209129
0210066 0209158
0210072 0209004
0210072 0209054
0210075 0209226
0210077 0209025
0210077 0210036
0210078 0209116
0210078 0209225
0210079 0209261
0210079 0209264
0210083 0209206
0210084 0210051
0210088 0209202
0210091 0208231
0210091 0209116
0210091 0209211
0210091 0209224
0210091 0209256
0210092 0210031
0210094 0209066
0210094 0210046
0210096 0209089
0210096 0209099
0210101 0209034
0210101 0209041
0210101 0209122
0210102 0208231
0210102 0209002
0210102 0209011
0210102 0209155
0210102 0209215
0210102 0209244
0210102 0209263
0210108 0209122
0210111 0209017
0210112 0209166
0210114 0210093
0210116 0209205
0210122 0209047
0210122 0209116
0210122 0209224
0210122 0210091
0210123 0210124
0210124 0209252
0210124 0210123
0210127 0209230
0210131 0209077
0210135 0209089
0210135 0209099
0210139 0209068
0210144 0209001
0210146 0209064
0210148 0209085
0210148 0209089
0210148 0209099
0210148 0210135
0210153 0208231
0210153 0209002
0210153 0209011
0210153 0209215
0210153 0209251
0210153 0209263
0210153 0210102
0210157 0209114
0210157 0209141
0210157 0210105
0210157 0210230
0210158 0209043
0210158 0209193
0210158 0209219
0210162 0209104
0210166 0209117
0210166 0209118
0210169 0210155
0210171 0209234
0210171 0209253
0210174 0210051
0210181 0209046
0210183 0209085
0210183 0209089
0210183 0209099
0210183 0210135
0210186 0209113
0210186 0209159
0210186 0209231
0210186 0210058
0210190 0209074
0210194 0209198
0210195 0210114
0210198 0209231
0210198 0210058
0210198 0210160
0210199 0210155
0210200 0209190
0210200 0209202
0210206 0210030
0210206 0210046
0210209 0209077
0210212 0209225
0210218 0209047
0210218 0209095
0210218 0209224
0210218 0210091
0210218 0210115
0210218 0210122
0210219 0210083
0210219 0210088
0210220 0210126
0210221 0209034
0210221 0209041
0210221 0209122
0210221 0209232
0210224 0209002
0210224 0209059
0210224 0209090
0210224 0209113
0210224 0209159
0210224 0209201
0210224 0209211
0210224 0209222
0210224 0209231
0210224 0209256
0210224 0209261
0210224 0210058
0210224 0210083
0210224 0210102
0210224 0210135
0210224 0210153
0210224 0210246
0210224 0210313
0210224 0211017
0210224 0211170
0210224 0211220
0210224 0211269
0210224 0212269
0210224 0301117
0210226 0210097
0210229 0209004
0210229 0209043
0210229 0209145
0210229 0209247
0210229 0209265
0210230 0209193
0210233 0209113
0210233 0209159
0210233 0209231
0210233 0210058
0210234 0209145
0210238 0209085
0210238 0209089
0210238 0209099
0210238 0209138
0210238 0210135
0210238 0210148
0210238 0210183
0210239 0209089
0210239 0209099
0210239 0210135
0210239 0210183
0210242 0210143
0210243 0209059
0210243 0210152
0210246 0208232
0210246 0209002
0210246 0209215
0210246 0209263
0210246 0210102
0210246 0210153
0210250 0209158
0210250 0210029
0210250 0210066
0210252 0210187
0210254 0209077
0210255 0210191
0210256 0210115
0210257 0209227
0210257 0210005
0210258 0209261
0210262 0209098
0210262 0209160
0210262 0209225
0210262 0210078
0210262 0210230
0210263 0210200
0210263 0210219
0210264 0210042
0210269 0209176
0210281 0209085
0210281 0209089
0210281 0209099
0210281 0210135
0210281 0210148
0210281 0210238
0210281 0210239
0210287 0209025
0210290 0210075
0210291 0209085
0210291 0209089
0210291 0209099
0210291 0209138
0210291 0210135
0210291 0210148
0210291 0210183
0210291 0210238
0210291 0210239
0210291 0210281
0210292 0209049
0210292 0209122
0210292 0209231
0210292 0209261
0210292 0210233
0210294 0209100
0210296 0209098
0210299 0210298
0210301 0209048
0210303 0210109
0210305 0209084
0210305 0210248
0210306 0209239
0210308 0209004
0210308 0209193
0210308 0209218
0210308 0210309
0210309 0209193
0210309 0210234
0210309 0210308
0210313 0209090
0210313 0209222
0211006 0209113
0211006 0209159
0211006 0209231
0211006 0210058
0211006 0210186
0211007 0209025
0211007 0210036
0211007 0210077
0211009 0209085
0211009 0209089
0211009 0209099
0211009 0210135
0211009 0210148
0211009 0210183
0211009 0210238
0211009 0210239
0211009 0210281
0211009 0210291
0211010 0210159
0211011 0209160
0211011 0210035
0211011 0210158
0211011 0210262
0211012 0209255
0211012 0210155
0211012 0210169
0211012 0210199
0211018 0209029
0211023 0210046
0211025 0210160
0211027 0210254
0211028 0209051
0211028 0210303
0211029 0209009
0211029 0209081
0211029 0209219
0211029 0211011
0211030 0210157
0211031 0209261
0211031 0210217
0211031 0210292
0211032 0208231
0211032 0209002
0211032 0209215
0211032 0209244
0211032 0209263
0211032 0210102
0211032 0210153
0211032 0210246
0211038 0209157
0211041 0209118
0211041 0209139
0211041 0209153
0211041 0209186
0211042 0210269
0211042 0210309
0211043 0210053
0211046 0208230
0211047 0210049
0211049 0208222
0211052 0209085
0211052 0209089
0211052 0209099
0211052 0209138
0211052 0210135
0211052 0210148
0211052 0210183
0211052 0210238
0211052 0210239
0211052 0210281
0211052 0210291
0211052 0211017
0211053 0209129
0211056 0210030
0211057 0209017
0211059 0209190
0211059 0209202
0211059 0210083
0211059 0210088
0211059 0210200
0211059 0210227
0211061 0210268
0211067 0210241
0211068 0211056
0211069 0209089
0211069 0209099
0211069 0210238
0211069 0210239
0211069 0210291
0211069 0211017
0211073 0208231
0211073 0209002
0211073 0210246
0211075 0209085
0211075 0209089
0211075 0209099
0211075 0209138
0211075 0210135
0211075 0210148
0211075 0210183
0211075 0210238
0211075 0210239
0211075 0210281
0211075 0210291
0211075 0211009
0211075 0211017
0211075 0211052
0211080 0210282
0211081 0210005
0211081 0210257
0211082 0209089
0211082 0209099
0211082 0210135
0211082 0210148
0211082 0210183
0211082 0210238
0211082 0210281
0211082 0210291
0211082 0211009
0211082 0211017
0211082 0211052
0211090 0209034
0211090 0209090
0211090 0209222
0211091 0209202
0211091 0210200
0211091 0210219
0211092 0210114
0211092 0210195
0211095 0209026
0211097 0209114
0211097 0211008
0211098 0210238
0211100 0209085
0211100 0209089
0211100 0209099
0211100 0209138
0211100 0210135
0211100 0210148
0211100 0210183
0211100 0210238
0211100 0210239
0211100 0210281
0211100 0210291
0211100 0211009
0211100 0211017
0211100 0211052
0211100 0211069
0211100 0211075
0211100 0211082
0211102 0209077
0211102 0210043
0211102 0210209
0211103 0210205
0211105 0210042
0211108 0211250
0211109 0210232
0211113 0210114
0211116 0211027
0211118 0209077
0211118 0210083
0211118 0210131
0211118 0211027
0211118 0211102
0211119 0209166
0211121 0209161
0211122 0210262
0211122 0211011
0211123 0209085
0211123 0209089
0211123 0209099
0211123 0209138
0211123 0210135
0211123 0210148
0211123 0210183
0211123 0210238
0211123 0210239
0211123 0210281
0211123 0210291
0211123 0211009
0211123 0211017
0211123 0211052
0211123 0211069
0211123 0211075
0211123 0211082
0211123 0211100
0211126 0210177
0211127 0209232
0211129 0209111
0211130 0209150
0211131 0209255
0211131 0211012
0211133 0211054
0211138 0209009
0211138 0209081
0211138 0210049
0211138 0211029
0211141 0209116
0211141 0209163
0211141 0209224
0211144 0209025
0211144 0210036
0211144 0210077
0211146 0208222
0211146 0211049
0211147 0209098
0211148 0211041
0211149 0211149
0211156 0209104
0211156 0209182
0211156 0210059
0211158 0210278
0211162 0211020
0211163 0209157
0211163 0211038
0211164 0209023
0211165 0211165
0211170 0210135
0211170 0210148
0211170 0210238
0211170 0210281
0211170 0211017
0211170 0211100
0211170 0211123
0211171 0209111
0211171 0210010
0211172 0209239
0211172 0211038
0211172 0211090
0211173 0210044
0211177 0210095
0211178 0208231
0211178 0209002
0211178 0209004
0211178 0209011
0211178 0209043
0211178 0209054
0211178 0209081
0211178 0209116
0211178 0209145
0211178 0209160
0211178 0209179
0211178 0209193
0211178 0209201
0211178 0209218
0211178 0209219
0211178 0209225
0211178 0209244
0211178 0209247
0211178 0209251
0211178 0209265
0211178 0210035
0211178 0210078
0211178 0210153
0211178 0210158
0211178 0210246
0211181 0209163
0211181 0209239
0211181 0210218
0211181 0211029
0211181 0211074
0211181 0211090
0211181 0211124
0211181 0211141
0211181 0211142
0211182 0209077
0211182 0210004
0211182 0210209
0211182 0210219
0211182 0210254
0211182 0211059
0211182 0211102
0211182 0211118
0211187 0209165
0211188 0208231
0211188 0209002
0211188 0209215
0211188 0209263
0211188 0210102
0211188 0210153
0211189 0209085
0211189 0209089
0211189 0209099
0211189 0210096
0211189 0210135
0211189 0210148
0211189 0210183
0211189 0210238
0211189 0210239
0211189 0210281
0211189 0210291
0211189 0211009
0211189 0211017
0211189 0211052
0211189 0211069
0211189 0211075
0211189 0211082
0211189 0211123
0211189 0211170
0211191 0209238
0211192 0209205
0211194 0211017
0211195 0210234
0211195 0210308
0211195 0210309
0211197 0209047
0211197 0209095
0211197 0209116
0211197 0209224
0211197 0210091
0211197 0210115
0211197 0210122
0211198 0208231
0211198 0209002
0211198 0209215
0211198 0210102
0211198 0210153
0211198 0210246
0211201 0209201
0211201 0210234
0211202 0209085
0211202 0209089
0211202 0209099
0211202 0210135
0211202 0210148
0211202 0210183
0211202 0210238
0211202 0210239
0211202 0210281
0211202 0210291
0211202 0211009
0211202 0211017
0211202 0211052
0211202 0211069
0211202 0211075
0211202 0211082
0211202 0211098
0211202 0211100
0211202 0211123
0211202 0211170
0211202 0211189
0211202 0211194
0211203 0209150
0211203 0211130
0211203 0211204
0211204 0211203
0211206 0209114
0211206 0209145
0211206 0210234
0211206 0211195
0211209 0209131
0211210 0209051
0211210 0211028
0211212 0210231
0211214 0210111
0211216 0210238
0211216 0211098
0211216 0211123
0211217 0208231
0211217 0208232
0211217 0209002
0211217 0209011
0211217 0209215
0211217 0209263
0211217 0210102
0211217 0210153
0211217 0210246
0211217 0211032
0211217 0211188
0211217 0211198
0211218 0209176
0211218 0210030
0211218 0210206
0211218 0210269
0211218 0211042
0211220 0208231
0211220 0209002
0211220 0209215
0211220 0210102
0211220 0210153
0211220 0210246
0211220 0211188
0211220 0211198
0211221 0209231
0211222 0211107
0211222 0211196
0211225 0209139
0211225 0210163
0211229 0210115
0211229 0210256
0211234 0209085
0211234 0209089
0211234 0209099
0211234 0210135
0211234 0210148
0211234 0210183
0211234 0210238
0211234 0210239
0211234 0210281
0211234 0210291
0211234 0211009
0211234 0211017
0211234 0211052
0211234 0211069
0211234 0211075
0211234 0211082
0211234 0211098
0211234 0211100
0211234 0211123
0211234 0211170
0211234 0211173
0211234 0211189
0211234 0211194
0211234 0211202
0211236 0209085
0211236 0209099
0211236 0210047
0211236 0210238
0211236 0211069
0211236 0211170
0211238 0209186
0211238 0210169
0211238 0211131
0211240 0208222
0211240 0212125
0211241 0210238
0211241 0211017
0211241 0211170
0211241 0211216
0211245 0209085
0211245 0209089
0211245 0209099
0211245 0209138
0211245 0210135
0211245 0210148
0211245 0210183
0211245 0210238
0211245 0210239
0211245 0210281
0211245 0210291
0211245 0211009
0211245 0211017
0211245 0211052
0211245 0211069
0211245 0211075
0211245 0211082
0211245 0211098
0211245 0211100
0211245 0211123
0211245 0211170
0211245 0211189
0211245 0211194
0211245 0211202
0211245 0211216
0211245 0211259
0211249 0210291
0211249 0211009
0211249 0211017
0211249 0211052
0211249 0211075
0211249 0211082
0211249 0211189
0211249 0211202
0211249 0211234
0211254 0210238
0211254 0210291
0211254 0211009
0211254 0211017
0211254 0211052
0211254 0211069
0211254 0211075
0211254 0211082
0211254 0211100
0211254 0211123
0211254 0211170
0211254 0211202
0211254 0211216
0211254 0211241
0211254 0211245
0211257 0210262
0211257 0211122
0211258 0209137
0211259 0209085
0211259 0209089
0211259 0209099
0211259 0209138
0211259 0210135
0211259 0210148
0211259 0210183
0211259 0210238
0211259 0210239
0211259 0210281
0211259 0210291
0211259 0211009
0211259 0211017
0211259 0211052
0211259 0211069
0211259 0211075
0211259 0211082
0211259 0211098
0211259 0211100
0211259 0211123
0211259 0211170
0211259 0211189
0211259 0211194
0211259 0211202
0211259 0211216
0211259 0211234
0211259 0211236
0211259 0211241
0211259 0211245
0211259 0211249
0211259 0211254
0211261 0209089
0211261 0209099
0211261 0210135
0211261 0210148
0211261 0210183
0211261 0210238
0211261 0210291
0211261 0211009
0211261 0211017
0211261 0211075
0211261 0211082
0211261 0211100
0211261 0211123
0211261 0211170
0211261 0211216
0211263 0209153
0211263 0209186
0211263 0211041
0211263 0211129
0211263 0211148
0211263 0211171
0211266 0209098
0211269 0210083
0211271 0209089
0211271 0209099
0211271 0210135
0211271 0210148
0211271 0210183
0211271 0210238
0211271 0210239
0211271 0210281
0211271 0210291
0211271 0211009
0211271 0211017
0211271 0211052
0211271 0211069
0211271 0211075
0211271 0211082
0211271 0211098
0211271 0211100
0211271 0211123
0211271 0211170
0211271 0211189
0211271 0211194
0211271 0211202
0211271 0211216
0211271 0211234
0211271 0211241
0211271 0211245
0211271 0211249
0211271 0211254
0211274 0209085
0211274 0209089
0211274 0209099
0211274 0210096
0211274 0210135
0211274 0210148
0211274 0210183
0211274 0210238
0211274 0210239
0211274 0210281
0211274 0210291
0211274 0211009
0211274 0211017
0211274 0211052
0211274 0211069
0211274 0211075
0211274 0211082
0211274 0211100
0211274 0211123
0211274 0211170
0211274 0211189
0211274 0211194
0211274 0211202
0211274 0211216
0211274 0211234
0211274 0211249
0211274 0211254
0211274 0211261
0211277 0210147
0211281 0210075
0211285 0209116
0211285 0209201
0211285 0211217
0211287 0209085
0211287 0210148
0211287 0210281
0211287 0210291
0211287 0211009
0211287 0211052
0211287 0211075
0211287 0211082
0211287 0211125
0211287 0211170
0211287 0211189
0211287 0211202
0211287 0211234
0211287 0211245
0211287 0211259
0211288 0209084
0211289 0209193
0211289 0209201
0211289 0209218
0211289 0210234
0211289 0210292
0211289 0210308
0211289 0210309
0211289 0211195
0211290 0209051
0211290 0209114
0211290 0211028
0211290 0211097
0211291 0209085
0211291 0209089
0211291 0209099
0211291 0210135
0211291 0210148
0211291 0210183
0211291 0210238
0211291 0210239
0211291 0210281
0211291 0210291
0211291 0211009
0211291 0211017
0211291 0211052
0211291 0211069
0211291 0211075
0211291 0211082
0211291 0211100
0211291 0211123
0211291 0211170
0211291 0211189
0211291 0211194
0211291 0211202
0211291 0211216
0211291 0211234
0211291 0211241
0211291 0211249
0211291 0211254
0211291 0211261
0211291 0211291
0211291 0212069
0212002 0209069
0212002 0209114
0212002 0211008
0212002 0211097
0212002 0211290
0212003 0209003
0212003 0209004
0212003 0211103
0212004 0211223
0212006 0211154
0212008 0209114
0212008 0211089
0212008 0211102
0212008 0211118
0212009 0210269
0212009 0211042
0212010 0209085
0212010 0209089
0212010 0209099
0212010 0210135
0212010 0210148
0212010 0210183
0212010 0210238
0212010 0210239
0212010 0210281
0212010 0210291
0212010 0211009
0212010 0211017
0212010 0211052
0212010 0211069
0212010 0211075
0212010 0211082
0212010 0211098
0212010 0211100
0212010 0211123
0212010 0211170
0212010 0211189
0212010 0211194
0212010 0211202
0212010 0211216
0212010 0211234
0212010 0211236
0212010 0211241
0212010 0211245
0212010 0211249
0212010 0211254
0212010 0211259
0212010 0211261
0212010 0211271
0212010 0211274
0212010 0211287
0212010 0211291
0212012 0210146
0212012 0211115
0212014 0211244
0212017 0209193
0212017 0209225
0212017 0210078
0212017 0210212
0212017 0210234
0212017 0210262
0212017 0211137
0212017 0211206
0212017 0211257
0212019 0209019
0212021 0209228
0212024 0210178
0212025 0209089
0212025 0209099
0212025 0210135
0212025 0210148
0212025 0210183
0212025 0210238
0212025 0210239
0212025 0210281
0212025 0210291
0212025 0211009
0212025 0211052
0212025 0211075
0212025 0211082
0212025 0211123
0212025 0211170
0212025 0211202
0212025 0211216
0212025 0211234
0212025 0211245
0212025 0211254
0212025 0211259
0212025 0211261
0212025 0211271
0212025 0211287
0212025 0211291
0212029 0209039
0212031 0210107
0212032 0209085
0212032 0209089
0212032 0209099
0212032 0209138
0212032 0210135
0212032 0210148
0212032 0210183
0212032 0210238
0212032 0210239
0212032 0210281
0212032 0210291
0212032 0211009
0212032 0211017
0212032 0211052
0212032 0211069
0212032 0211075
0212032 0211082
0212032 0211098
0212032 0211100
0212032 0211123
0212032 0211170
0212032 0211189
0212032 0211194
0212032 0211202
0212032 0211216
0212032 0211234
0212032 0211236
0212032 0211241
0212032 0211245
0212032 0211249
0212032 0211254
0212032 0211259
0212032 0211261
0212032 0211271
0212032 0211274
0212032 0211287
0212032 0211291
0212032 0212010
0212037 0210228
0212042 0209098
0212042 0209241
0212042 0210043
0212042 0211266
0212043 0209057
0212047 0209203
0212047 0210187
0212047 0210252
0212047 0210272
0212048 0210261
0212050 0210178
0212050 0212024
0212051 0209155
0212051 0209244
0212051 0210159
0212052 0211011
0212052 0211122
0212056 0210234
0212056 0211257
0212056 0212017
0212057 0209079
0212057 0210184
0212059 0209230
0212059 0210231
0212060 0211019
0212061 0209004
0212061 0209054
0212061 0209193
0212061 0210072
0212063 0211127
0212064 0211084
0212065 0209089
0212065 0209099
0212065 0210239
0212066 0210083
0212066 0211059
0212067 0209261
0212069 0209085
0212069 0209089
0212069 0209099
0212069 0210135
0212069 0210148
0212069 0210183
0212069 0210238
0212069 0210239
0212069 0210281
0212069 0210291
0212069 0211009
0212069 0211017
0212069 0211052
0212069 0211069
0212069 0211075
0212069 0211082
0212069 0211098
0212069 0211100
0212069 0211123
0212069 0211170
0212069 0211189
0212069 0211216
0212069 0211241
0212069 0211249
0212069 0211254
0212069 0211261
0212069 0211271
0212069 0211274
0212069 0211291
0212069 0212010
0212071 0210203
0212072 0210126
0212072 0210220
0212073 0211149
0212074 0209193
0212074 0211195
0212074 0211289
0212076 0212075
0212077 0211235
0212079 0209085
0212079 0209089
0212079 0209099
0212079 0209138
0212079 0209225
0212079 0210135
0212079 0210148
0212079 0210183
0212079 0210238
0212079 0210239
0212079 0210281
0212079 0210291
0212079 0211009
0212079 0211017
0212079 0211052
0212079 0211069
0212079 0211075
0212079 0211082
0212079 0211098
0212079 0211100
0212079 0211123
0212079 0211170
0212079 0211189
0212079 0211194
0212079 0211202
0212079 0211216
0212079 0211234
0212079 0211236
0212079 0211241
0212079 0211245
0212079 0211249
0212079 0211254
0212079 0211259
0212079 0211261
0212079 0211271
0212079 0212069
0212082 0209089
0212082 0209099
0212082 0210093
0212082 0210135
0212082 0210183
0212082 0210238
0212082 0210291
0212082 0211009
0212082 0211017
0212082 0211152
0212082 0211170
0212082 0211194
0212082 0211202
0212082 0211216
0212082 0211234
0212082 0211241
0212082 0211249
0212082 0211261
0212082 0211271
0212082 0211291
0212082 0212010
0212082 0212069
0212083 0210135
0212083 0210148
0212083 0210183
0212083 0210238
0212083 0210239
0212083 0210291
0212083 0211009
0212083 0211017
0212083 0211052
0212083 0211069
0212083 0211075
0212083 0211082
0212083 0211098
0212083 0211100
0212083 0211123
0212083 0211170
0212083 0211189
0212083 0211194
0212083 0211202
0212083 0211234
0212083 0211245
0212083 0211249
0212083 0211254
0212083 0211261
0212083 0211271
0212083 0211274
0212083 0212010
0212083 0212020
0212083 0212025
0212083 0212032
0212086 0210081
0212087 0209114
0212087 0210160
0212087 0211008
0212087 0212002
0212089 0212072
0212091 0210292
0212091 0211102
0212091 0211182
0212092 0210056
0212092 0212029
0212092 0212092
0212095 0209085
0212095 0209089
0212095 0209099
0212095 0210135
0212095 0210148
0212095 0210183
0212095 0210238
0212095 0210239
0212095 0210281
0212095 0210291
0212095 0211009
0212095 0211017
0212095 0211069
0212095 0211075
0212095 0211082
0212095 0211098
0212095 0211100
0212095 0211123
0212095 0211170
0212095 0211189
0212095 0211202
0212095 0211216
0212095 0211234
0212095 0211241
0212095 0211245
0212095 0211249
0212095 0211254
0212095 0211259
0212095 0211261
0212095 0211271
0212095 0211287
0212095 0211291
0212095 0212010
0212095 0212025
0212095 0212065
0212095 0212069
0212095 0212079
0212095 0212083
0212097 0210184
0212097 0212057
0212098 0209038
0212099 0212081
0212102 0211112
0212103 0210206
0212105 0209249
0212107 0209148
0212107 0209214
0212107 0210152
0212109 0210083
0212109 0210088
0212111 0209002
0212111 0209056
0212111 0211032
0212112 0210083
0212112 0210088
0212112 0210219
0212112 0211059
0212116 0209056
0212116 0211252
0212117 0209057
0212118 0208231
0212118 0208232
0212118 0209002
0212118 0209215
0212118 0210102
0212118 0210153
0212118 0211032
0212118 0211220
0212119 0209157
0212119 0211163
0212121 0209085
0212121 0209089
0212121 0209099
0212121 0210135
0212121 0210148
0212121 0210183
0212121 0210239
0212121 0210291
0212121 0211009
0212121 0211017
0212121 0211052
0212121 0211075
0212121 0211082
0212121 0211170
0212121 0211189
0212121 0211202
0212121 0211234
0212121 0211245
0212121 0211259
0212121 0211271
0212121 0211274
0212121 0211287
0212121 0212025
0212122 0210288
0212122 0212094
0212126 0209203
0212126 0209238
0212126 0210252
0212128 0210145
0212128 0211098
0212131 0210278
0212131 0211233
0212133 0211258
0212135 0209004
0212135 0209201
0212135 0210234
0212135 0210308
0212135 0210309
0212135 0211195
0212135 0211206
0212135 0211257
0212135 0211289
0212136 0211222
0212138 0210093
0212138 0210114
0212139 0211130
0212139 0211203
0212139 0211204
0212141 0211027
0212142 0210196
0212145 0210105
0212145 0211222
0212145 0212136
0212147 0209047
0212147 0209116
0212147 0209224
0212147 0210122
0212147 0210218
0212147 0211141
0212147 0211197
0212148 0210236
0212150 0209090
0212150 0209122
0212150 0209222
0212150 0211090
0212151 0210126
0212151 0211124
0212155 0210033
0212155 0210184
0212155 0210258
0212160 0211279
0212162 0209150
0212162 0211142
0212164 0212129
0212166 0208231
0212166 0209155
0212166 0209215
0212166 0210153
0212166 0211198
0212167 0210223
0212168 0211024
0212170 0209131
0212170 0211258
0212174 0209040
0212174 0209175
0212175 0211103
0212176 0209243
0212177 0209202
0212177 0210200
0212177 0210219
0212177 0211059
0212177 0211269
0212177 0212112
0212178 0209001
0212178 0210144
0212178 0211048
0212179 0209150
0212179 0211130
0212179 0211203
0212179 0211204
0212179 0212139
0212181 0210093
0212181 0210114
0212181 0210123
0212181 0211092
0212181 0212138
0212182 0211144
0212183 0209240
0212183 0209241
0212183 0210193
0212184 0210262
0212184 0211011
0212184 0211122
0212184 0211222
0212184 0212052
0212190 0212008
0212191 0211111
0212191 0212198
0212191 0212219
0212193 0210068
0212197 0209067
0212197 0209191
0212198 0209064
0212198 0211111
0212198 0212191
0212198 0212219
0212203 0211142
0212204 0210196
0212207 0209080
0212207 0209256
0212208 0208231
0212208 0209002
0212208 0209047
0212208 0209215
0212208 0210102
0212208 0210153
0212208 0211032
0212208 0211198
0212208 0211220
0212208 0211257
0212208 0212118
0212209 0209120
0212209 0210160
0212210 0210269
0212210 0211042
0212210 0211292
0212210 0212159
0212211 0212233
0212212 0210135
0212212 0210238
0212212 0210291
0212212 0211009
0212212 0211017
0212212 0211052
0212212 0211069
0212212 0211075
0212212 0211082
0212212 0211100
0212212 0211123
0212212 0211170
0212212 0211202
0212212 0211234
0212212 0211245
0212212 0211249
0212212 0211254
0212212 0211271
0212212 0211287
0212212 0212010
0212212 0212025
0212212 0212069
0212212 0212082
0212212 0212083
0212212 0212095
0212212 0212121
0212214 0209082
0212215 0209034
0212215 0209090
0212215 0209122
0212215 0209195
0212215 0210206
0212215 0210269
0212215 0211218
0212215 0211289
0212216 0211027
0212217 0209004
0212217 0210229
0212217 0210269
0212217 0211011
0212217 0211042
0212217 0211122
0212217 0211218
0212217 0211289
0212218 0212059
0212219 0209064
0212219 0211111
0212219 0212191
0212219 0212198
0212220 0210231
0212220 0211063
0212223 0209195
0212223 0210030
0212223 0210206
0212223 0210234
0212223 0210269
0212223 0210308
0212223 0210309
0212223 0211042
0212223 0211195
0212223 0211206
0212223 0211218
0212223 0211285
0212223 0211289
0212223 0212008
0212223 0212009
0212225 0210096
0212225 0210183
0212225 0210291
0212225 0211009
0212225 0211017
0212225 0211052
0212225 0211075
0212225 0211082
0212225 0211170
0212225 0211189
0212225 0211202
0212225 0211234
0212225 0211249
0212225 0211254
0212225 0211271
0212225 0211287
0212225 0212025
0212225 0212083
0212225 0212095
0212226 0210104
0212227 0209242
0212228 0209047
0212228 0209160
0212228 0211152
0212231 0209085
0212231 0209089
0212231 0209099
0212231 0209138
0212231 0209225
0212231 0210096
0212231 0210135
0212231 0210148
0212231 0210183
0212231 0210224
0212231 0210238
0212231 0210239
0212231 0210281
0212231 0210291
0212231 0211009
0212231 0211017
0212231 0211052
0212231 0211069
0212231 0211075
0212231 0211082
0212231 0211098
0212231 0211100
0212231 0211123
0212231 0211170
0212231 0211189
0212231 0211194
0212231 0211202
0212231 0211234
0212231 0211236
0212231 0211241
0212231 0211245
0212231 0211249
0212231 0211254
0212231 0211259
0212231 0211261
0212231 0211271
0212231 0211274
0212231 0211287
0212231 0211291
0212231 0212010
0212231 0212025
0212231 0212032
0212231 0212069
0212231 0212083
0212231 0212095
0212231 0212121
0212231 0212212
0212231 0212225
0212233 0212211
0212235 0211194
0212236 0210254
0212236 0211027
0212236 0211182
0212237 0212140
0212238 0209008
0212238 0209254
0212238 0210288
0212239 0212245
0212240 0209136
0212244 0212085
0212245 0212239
0212246 0211272
0212248 0209090
0212248 0209122
0212248 0212215
0212249 0211228
0212252 0212190
0212253 0209085
0212253 0209089
0212253 0209099
0212253 0209138
0212253 0210135
0212253 0210183
0212253 0210238
0212253 0210239
0212253 0210281
0212253 0210291
0212253 0211009
0212253 0211017
0212253 0211052
0212253 0211069
0212253 0211075
0212253 0211082
0212253 0211098
0212253 0211100
0212253 0211123
0212253 0211170
0212253 0211189
0212253 0211202
0212253 0211216
0212253 0211234
0212253 0211236
0212253 0211241
0212253 0211245
0212253 0211249
0212253 0211254
0212253 0211259
0212253 0211261
0212253 0211271
0212253 0211287
0212253 0211291
0212253 0212010
0212253 0212023
0212253 0212025
0212253 0212065
0212253 0212069
0212253 0212079
0212253 0212082
0212253 0212083
0212253 0212095
0212253 0212211
0212253 0212212
0212253 0212225
0212253 0212233
0212254 0209102
0212256 0209034
0212256 0209044
0212258 0209253
0212258 0211060
0212262 0211169
0212265 0211222
0212265 0212136
0212267 0210170
0212269 0208231
0212269 0209002
0212269 0209215
0212269 0209244
0212269 0209263
0212269 0210102
0212269 0210153
0212269 0210246
0212269 0211032
0212269 0211188
0212269 0211198
0212269 0211220
0212269 0212118
0212269 0212208
0212270 0212062
0212271 0210080
0212274 0209085
0212274 0209089
0212274 0209099
0212274 0210135
0212274 0210148
0212274 0210183
0212274 0210238
0212274 0210239
0212274 0210281
0212274 0210291
0212274 0211009
0212274 0211017
0212274 0211052
0212274 0211075
0212274 0211082
0212274 0211098
0212274 0211100
0212274 0211123
0212274 0211170
0212274 0211189
0212274 0211194
0212274 0211202
0212274 0211216
0212274 0211234
0212274 0211236
0212274 0211241
0212274 0211245
0212274 0211249
0212274 0211254
0212274 0211261
0212274 0211274
0212274 0211287
0212274 0211291
0212274 0212010
0212274 0212025
0212274 0212032
0212274 0212065
0212274 0212069
0212274 0212079
0212274 0212082
0212274 0212083
0212274 0212095
0212274 0212121
0212274 0212212
0212274 0212225
0212274 0212231
0212274 0212253
0212275 0211003
0212277 0212072
0212277 0212209
0212277 0212215
0212278 0209077
0212278 0210209
0212278 0211102
0212278 0211118
0212278 0211182
0212279 0210145
0212279 0211216
0212279 0211241
0212281 0209202
0212281 0210004
0212281 0210200
0212281 0210263
0212281 0211091
0212281 0212112
0212281 0212177
0212284 0209137
0212284 0209223
0212291 0210278
0212293 0209217
0212293 0211058
0212294 0209202
0212294 0210209
0212294 0211269
0212294 0212177
0212294 0212211
0212295 0210196
0212295 0212142
0212295 0212204
0212296 0209095
0212296 0209116
0212297 0209002
0212298 0211207
0212300 0211132
0212303 0209187
0212303 0210196
0212303 0212204
0212306 0209194
0212306 0211023
0212306 0212102
0212306 0212227
0212307 0209077
0212307 0210043
0212307 0211102
0212307 0211118
0212307 0211182
0212307 0212278
0212308 0210114
0212308 0211024
0212308 0212209
0212310 0212124
0212312 0209261
0212313 0209071
0212313 0211123
0212313 0211213
0212313 0211245
0212313 0211254
0212313 0211291
0212314 0210114
0212316 0209026
0212316 0209059
0212316 0211095
0212317 0209041
0212317 0210101
0212317 0210221
0212317 0212290
0212318 0209048
0212320 0209198
0212326 0209231
0212326 0210186
0212326 0212290
0212327 0209231
0212327 0211221
0212329 0210203
0212329 0212329
0212331 0209051
0212331 0209158
0212331 0210029
0212331 0210066
0212331 0210250
0212331 0211028
0212331 0211210
0212332 0211122
0212332 0211250
0212332 0211252
0212332 0212116
0212334 0209249
0212334 0212105
0212335 0209186
0212338 0209098
0212338 0211147
0212341 0209180
0212343 0208231
0212343 0208232
0212343 0209002
0212343 0209011
0212343 0209215
0212343 0209263
0212343 0210102
0212343 0210153
0212343 0210158
0212343 0211011
0212343 0211122
0212343 0211188
0212343 0212184
0212344 0209217
0212344 0210292
0212345 0211139
0212346 0209170
0212346 0210178
0212346 0212024
0301002 0209051
0301002 0209181
0301002 0211028
0301003 0211289
0301004 0209233
0301005 0209205
0301005 0210011
0301005 0212239
0301005 0212245
0301006 0211069
0301006 0211170
0301007 0211051
0301009 0209002
0301009 0209179
0301009 0209251
0301009 0211011
0301009 0211032
0301009 0211178
0301009 0212165
0301009 0212166
0301009 0212184
0301009 0212208
0301010 0212014
0301011 0209085
0301011 0209089
0301011 0209099
0301011 0209138
0301011 0209225
0301011 0210096
0301011 0210135
0301011 0210148
0301011 0210183
0301011 0210224
0301011 0210238
0301011 0210239
0301011 0210281
0301011 0210291
0301011 0211009
0301011 0211017
0301011 0211052
0301011 0211069
0301011 0211075
0301011 0211082
0301011 0211098
0301011 0211100
0301011 0211123
0301011 0211170
0301011 0211189
0301011 0211194
0301011 0211202
0301011 0211234
0301011 0211236
0301011 0211241
0301011 0211245
0301011 0211249
0301011 0211254
0301011 0211259
0301011 0211261
0301011 0211271
0301011 0211274
0301011 0211287
0301011 0211291
0301011 0212010
0301011 0212025
0301011 0212032
0301011 0212069
0301011 0212083
0301011 0212095
0301011 0212121
0301011 0212212
0301011 0212225
0301011 0212231
0301011 0212274
0301013 0209208
0301014 0210184
0301015 0211136
0301016 0210114
0301016 0211113
0301017 0212291
0301018 0209064
0301018 0211111
0301018 0212191
0301018 0212198
0301018 0212219
0301020 0209051
0301020 0211028
0301020 0301002
0301021 0211065
0301024 0212239
0301027 0212292
0301028 0209239
0301028 0210306
0301028 0212159
0301031 0211124
0301031 0212151
0301032 0209176
0301032 0211059
0301032 0212177
0301035 0209145
0301035 0209201
0301035 0209247
0301035 0209265
0301035 0210229
0301035 0211122
0301035 0211201
0301036 0208231
0301036 0208232
0301036 0209002
0301036 0209011
0301036 0209215
0301036 0210102
0301036 0210153
0301036 0210246
0301036 0211032
0301036 0211188
0301036 0211198
0301036 0211217
0301036 0212118
0301036 0212208
0301036 0212269
0301038 0209090
0301038 0209222
0301038 0212248
0301041 0211223
0301041 0212004
0301042 0211168
0301045 0212234
0301048 0212136
0301049 0209034
0301049 0209041
0301049 0209122
0301049 0209222
0301049 0210101
0301049 0210206
0301049 0212248
0301055 0209057
0301055 0209182
0301055 0212214
0301058 0211252
0301058 0212116
0301058 0212332
0301059 0210126
0301059 0210220
0301059 0212072
0301059 0212277
0301061 0209017
0301061 0209264
0301061 0210060
0301061 0210111
0301061 0210213
0301063 0211102
0301063 0211118
0301063 0212008
0301063 0212307
0301064 0210015
0301065 0211115
0301065 0212012
0301066 0210042
0301066 0210260
0301066 0210264
0301066 0211070
0301066 0212238
0301067 0211113
0301067 0212174
0301067 0212185
0301067 0301054
0301070 0209098
0301071 0209085
0301071 0209089
0301071 0209099
0301071 0209225
0301071 0210148
0301071 0210183
0301071 0210238
0301071 0210239
0301071 0210281
0301071 0210291
0301071 0211009
0301071 0211017
0301071 0211052
0301071 0211075
0301071 0211082
0301071 0211100
0301071 0211123
0301071 0211170
0301071 0211189
0301071 0211202
0301071 0211216
0301071 0211234
0301071 0211236
0301071 0211245
0301071 0211249
0301071 0211254
0301071 0211259
0301071 0211271
0301071 0211274
0301071 0211287
0301071 0211291
0301071 0212010
0301071 0212025
0301071 0212032
0301071 0212069
0301071 0212079
0301071 0212095
0301071 0212121
0301071 0301006
0301072 0209113
0301072 0209159
0301072 0209231
0301072 0210058
0301073 0210272
0301073 0211221
0301073 0212205
0301073 0212327
0301074 0209003
0301076 0209034
0301076 0209041
0301076 0209122
0301076 0209222
0301076 0210101
0301076 0212248
0301076 0301049
0301079 0211012
0301080 0209219
0301080 0210035
0301080 0210072
0301080 0211178
0301080 0211206
0301080 0212002
0301080 0212087
0301080 0212159
0301084 0209234
0301085 0301043
0301089 0209145
0301089 0209193
0301089 0209225
0301089 0210078
0301089 0210212
0301089 0211137
0301089 0211178
0301089 0211257
0301089 0212017
0301090 0209009
0301090 0209193
0301090 0209219
0301090 0210158
0301090 0211029
0301090 0211139
0301090 0211178
0301090 0301009
0301093 0210164
0301094 0209064
0301094 0209255
0301094 0210146
0301094 0211012
0301094 0211238
0301096 0210085
0301098 0209003
0301098 0211059
0301098 0211269
0301099 0211232
0301100 0209253
0301101 0209090
0301101 0209217
0301102 0209052
0301104 0209056
0301104 0211252
0301104 0212116
0301106 0208225
0301106 0209254
0301109 0210245
0301114 0211109
0301116 0209030
0301116 0209217
0301116 0210033
0301116 0212222
0301117 0209034
0301117 0209122
0301117 0210001
0301117 0210101
0301117 0210109
0301117 0212256
0301117 0301024
0301118 0209150
0301118 0210041
0301118 0210068
0301118 0211142
0301118 0212061
0301118 0212139
0301119 0209090
0301120 0209160
0301120 0211029
0301120 0211139
0301122 0211031
0301123 0209067
0301124 0301030
0301125 0212200
0301126 0212200
0301126 0301125
0301129 0210001
0301130 0210295
0301134 0211153
0301135 0209085
0301135 0209089
0301135 0209099
0301135 0209138
0301135 0210135
0301135 0210183
0301135 0210238
0301135 0210239
0301135 0210281
0301135 0210291
0301135 0211009
0301135 0211052
0301135 0211069
0301135 0211075
0301135 0211082
0301135 0211098
0301135 0211100
0301135 0211123
0301135 0211170
0301135 0211189
0301135 0211202
0301135 0211216
0301135 0211234
0301135 0211236
0301135 0211241
0301135 0211245
0301135 0211249
0301135 0211254
0301135 0211259
0301135 0211261
0301135 0211271
0301135 0211287
0301135 0211291
0301135 0212010
0301135 0212025
0301135 0212032
0301135 0212065
0301135 0212069
0301135 0212079
0301135 0212082
0301135 0212083
0301135 0212095
0301135 0212212
0301135 0212225
0301135 0212253
0301135 0301006
0301135 0301071
0301135 0301136
0301136 0209085
0301136 0209089
0301136 0209099
0301136 0209138
0301136 0210135
0301136 0210148
0301136 0210183
0301136 0210238
0301136 0210239
0301136 0210281
0301136 0210291
0301136 0211009
0301136 0211017
0301136 0211052
0301136 0211069
0301136 0211075
0301136 0211082
0301136 0211098
0301136 0211100
0301136 0211123
0301136 0211170
0301136 0211189
0301136 0211194
0301136 0211202
0301136 0211216
0301136 0211234
0301136 0211236
0301136 0211241
0301136 0211245
0301136 0211249
0301136 0211254
0301136 0211259
0301136 0211261
0301136 0211271
0301136 0211274
0301136 0211287
0301136 0211291
0301136 0212010
0301136 0212025
0301136 0212032
0301136 0212065
0301136 0212069
0301136 0212079
0301136 0212082
0301136 0212083
0301136 0212095
0301136 0212121
0301136 0212128
0301136 0212212
0301136 0212225
0301136 0212231
0301136 0212253
0301136 0212274
0301136 0212279
0301136 0212313
0301136 0212344
0301136 0301006
0301136 0301011
0301136 0301071
0301136 0301135
0301137 0209122
0301137 0209197
0301137 0301094
0301138 0210292
0301139 0209077
0301139 0211102
0301139 0211118
0301139 0211182
0301139 0212278
0301139 0212307
0301140 0209034
0301140 0209041
0301140 0209068
0301140 0209122
0301140 0209255
0301140 0210101
0301140 0210108
0301140 0210221
0301140 0210292
0301140 0212063
0301140 0301049
0301140 0301076
0301140 0301101
0301140 0301117
0301140 0301142
0301140 0301179
0301142 0209034
0301142 0209041
0301142 0209122
0301142 0210101
0301142 0301049
0301142 0301076
0301142 0301117
0301143 0211269
0301144 0210217
0301144 0210272
0301144 0301010
0301149 0209242
0301149 0212227
0301150 0208231
0301150 0209002
0301150 0209215
0301150 0209263
0301150 0210102
0301150 0210153
0301150 0210246
0301150 0211032
0301150 0211188
0301150 0211198
0301150 0211220
0301150 0212269
0301150 0301036
0301153 0211057
0301153 0301061
0301155 0211017
0301155 0212064
0301157 0210135
0301157 0210238
0301157 0211017
0301157 0211069
0301157 0301006
0301161 0209077
0301161 0210131
0301161 0211102
0301161 0211118
0301161 0211182
0301161 0212278
0301161 0212307
0301161 0301139
0301162 0209228
0301162 0209230
0301162 0210054
0301162 0210127
0301162 0212059
0301162 0212235
0301162 0301099
0301165 0209133
0301165 0210029
0301168 0209261
0301171 0209067
0301171 0209150
0301171 0210041
0301171 0211093
0301171 0211142
0301171 0212061
0301171 0212162
0301171 0212203
0301171 0301118
0301173 0212168
0301173 0212308
0301173 0301081
0301174 0209137
0301174 0211164
0301174 0212284
0301176 0209118
0301176 0209139
0301176 0209153
0301176 0211041
0301178 0209116
0301178 0209150
0301178 0209224
0301178 0210091
0301178 0210115
0301178 0210122
0301178 0211142
0301178 0212061
0301178 0212147
0301179 0209122
0301179 0211090
0301179 0212215
0301179 0212248
0301179 0301101
0301180 0211124
0301182 0210186
0301182 0210198
0301182 0211006
0301182 0211221
0301182 0212327
0301183 0209151
0301183 0210240
0301186 0208231
0301186 0209002
0301186 0209145
0301186 0210102
0301186 0210153
0301186 0210246
0301186 0211032
0301186 0211056
0301186 0211198
0301186 0211201
0301186 0211220
0301186 0212208
0301186 0212269
0301186 0301035
0301186 0301036
0301187 0209145
0301187 0210234
0301187 0210309
0301187 0211011
0301187 0211122
0301187 0211195
0301187 0211201
0301187 0211206
0301187 0212345
0301189 0209200
0301189 0301012
0301190 0301039
0301192 0210282
0301192 0211080
0301192 0301097
0301196 0209085
0301196 0209089
0301196 0209099
0301196 0209225
0301196 0210135
0301196 0210148
0301196 0210183
0301196 0210238
0301196 0210239
0301196 0210281
0301196 0210291
0301196 0211009
0301196 0211017
0301196 0211052
0301196 0211069
0301196 0211075
0301196 0211082
0301196 0211100
0301196 0211123
0301196 0211170
0301196 0211189
0301196 0211202
0301196 0211216
0301196 0211234
0301196 0211236
0301196 0211245
0301196 0211249
0301196 0211254
0301196 0211259
0301196 0211271
0301196 0211274
0301196 0211287
0301196 0211291
0301196 0212010
0301196 0212025
0301196 0212032
0301196 0212069
0301196 0212079
0301196 0212095
0301196 0212121
0301196 0212231
0301196 0301006
0301196 0301011
0301196 0301071
0301196 0301135
0301196 0301136
0301203 0209138
0301203 0210135
0301203 0210148
0301203 0210183
0301203 0210291
0301203 0211009
0301203 0211017
0301203 0211052
0301203 0211069
0301203 0211075
0301203 0211082
0301203 0211098
0301203 0211100
0301203 0211123
0301203 0211170
0301203 0211189
0301203 0211194
0301203 0211202
0301203 0211234
0301203 0211236
0301203 0211241
0301203 0211249
0301203 0211254
0301203 0211261
0301203 0211271
0301203 0211274
0301203 0211287
0301203 0211291
0301203 0212010
0301203 0212025
0301203 0212069
0301203 0212083
0301203 0212095
0301203 0212121
0301203 0212212
0301203 0212225
0301203 0212231
0301203 0212274
0301203 0301006
0301203 0301011
0301206 0209114
0301206 0209201
0301206 0211011
0301206 0212002
0301206 0212008
0301206 0212087
0301207 0212341
0301211 0212070
0301213 0209153
0301213 0211041
0301213 0211129
0301213 0211148
0301213 0211193
0301213 0211263
0301215 0210301
0301217 0210135
0301217 0210148
0301217 0210183
0301217 0210238
0301217 0210281
0301217 0210291
0301217 0211009
0301217 0211017
0301217 0211052
0301217 0211069
0301217 0211075
0301217 0211082
0301217 0211100
0301217 0211123
0301217 0211170
0301217 0211189
0301217 0211194
0301217 0211202
0301217 0211216
0301217 0211234
0301217 0211241
0301217 0211245
0301217 0211249
0301217 0211254
0301217 0211271
0301217 0211274
0301217 0211287
0301217 0211291
0301217 0212010
0301217 0212025
0301217 0212032
0301217 0212069
0301217 0212079
0301217 0212082
0301217 0212083
0301217 0212095
0301217 0212121
0301217 0212212
0301217 0212225
0301217 0212231
0301217 0212253
0301217 0212274
0301217 0301006
0301217 0301011
0301217 0301135
0301217 0301136
0301217 0301157
0301219 0301194
0301220 0212167
0301221 0209160
0301221 0210262
0301221 0211011
0301221 0211122
0301221 0212184
0301224 0212285
0301224 0212330
0301226 0209085
0301226 0210135
0301226 0210148
0301226 0210183
0301226 0210238
0301226 0210281
0301226 0210291
0301226 0211009
0301226 0211017
0301226 0211052
0301226 0211069
0301226 0211075
0301226 0211082
0301226 0211098
0301226 0211100
0301226 0211123
0301226 0211170
0301226 0211189
0301226 0211194
0301226 0211202
0301226 0211216
0301226 0211234
0301226 0211241
0301226 0211245
0301226 0211254
0301226 0211259
0301226 0211261
0301226 0211274
0301226 0211287
0301226 0211291
0301226 0212010
0301226 0212025
0301226 0212032
0301226 0212069
0301226 0212079
0301226 0212082
0301226 0212083
0301226 0212095
0301226 0212121
0301226 0212212
0301226 0212225
0301226 0212231
0301226 0301006
0301226 0301011
0301226 0301203
0301227 0211070
0301227 0212259
0301227 0301066
0301229 0209157
0301229 0210302
0301229 0211163
0301229 0212119
0301230 0209187
0301232 0301177
0301235 0209175
0301235 0210114
0301235 0211113
0301235 0212185
0301235 0301016
0301236 0210178
0301237 0209008
0301237 0211176
0301240 0210209
0301240 0210254
0301240 0212091
0301240 0212209
0301240 0212216
0301240 0212294
0301240 0301139
0301240 0301161
0301242 0209223
0301242 0211209
0301243 0212185
0301244 0210196
0301244 0212204
0301246 0210133
0301246 0211139
0301250 0208231
0301250 0208232
0301250 0209002
0301250 0209011
0301250 0209215
0301250 0209263
0301250 0210102
0301250 0210153
0301250 0210246
0301250 0211032
0301250 0211198
0301250 0211217
0301250 0211220
0301250 0212118
0301250 0212208
0301250 0212269
0301250 0301036
0301250 0301150
0301251 0210196
0301251 0212303
0301252 0211080
0301253 0210229
0301253 0211257
0302001 0209003
0302003 0301062
0302005 0209004
0302005 0209047
0302005 0209054
0302005 0209116
0302005 0209224
0302005 0210035
0302005 0210072
0302005 0210091
0302005 0210122
0302005 0210218
0302005 0211197
0302005 0212147
0302005 0301080
0302005 0301178
0302006 0209245
0302006 0210219
0302006 0211269
0302006 0301147
0302008 0209079
0302008 0209113
0302008 0209120
0302008 0209159
0302008 0209231
0302008 0210058
0302008 0210160
0302008 0210198
0302008 0211006
0302008 0211025
0302008 0212209
0302008 0212326
0302009 0211155
0302010 0210054
0302010 0211063
0302010 0211102
0302011 0210238
0302011 0211017
0302011 0211098
0302011 0211170
0302011 0211236
0302011 0212098
0302012 0212246
0302015 0209025
0302015 0209237
0302017 0209242
0302017 0212227
0302019 0209067
0302019 0209163
0302019 0209191
0302020 0209043
0302020 0209201
0302020 0301035
0302023 0301116
0302026 0210220
0302026 0211024
0302026 0212072
0302026 0212089
0302026 0212246
0302026 0212277
0302026 0212308
0302026 0301081
0302026 0301173
0302027 0209009
0302027 0209081
0302027 0209219
0302027 0211011
0302027 0212184
0302028 0210205
0302028 0211103
0302028 0212175
0302028 0212293
0302030 0209051
0302030 0211028
0302030 0212132
0302031 0302013
0302032 0210185
0302033 0301256
0302034 0301218
0302036 0209017
0302036 0301153
0302041 0212036
0302043 0209044
0302044 0212302
0302047 0211102
0302047 0211118
0302047 0211182
0302047 0212008
0302047 0212211
0302049 0210030
0302049 0210206
0302049 0212103
0302049 0301189
0302050 0209113
0302050 0209159
0302050 0209231
0302050 0210058
0302050 0211006
0302052 0209114
0302052 0211097
0302052 0212087
0302053 0209242
0302054 0209242
0302054 0210093
0302054 0212138
0302054 0212314
0302056 0209154
0302058 0301182
0302059 0210132
0302060 0209002
0302060 0210246
0302060 0210262
0302060 0211011
0302060 0211122
0302060 0211178
0302060 0211217
0302060 0212118
0302060 0212184
0302063 0210093
0302063 0210114
0302063 0210195
0302063 0211092
0302063 0211113
0302063 0212181
0302063 0212185
0302064 0208231
0302064 0209002
0302064 0209011
0302064 0209215
0302064 0210102
0302064 0210153
0302064 0210246
0302064 0211032
0302064 0211188
0302064 0211198
0302064 0211217
0302064 0301036
0302064 0301150
0302064 0301250
0302065 0211057
0302069 0209133
0302069 0209261
0302069 0301165
0302070 0211022
0302071 0210157
0302071 0211030
0302072 0211028
0302073 0209003
0302073 0211289
0302073 0212135
0302074 0210107
0302074 0212031
0302074 0301139
0302075 0210070
0302075 0212016
0302077 0209089
0302077 0209099
0302077 0210239
0302078 0209026
0302078 0209059
0302083 0210148
0302083 0210238
0302083 0211123
0302083 0211261
0302083 0211291
0302083 0212010
0302083 0301226
0302085 0209051
0302085 0211028
0302086 0210126
0302086 0210220
0302086 0212072
0302086 0212089
0302087 0208229
0302087 0209067
0302087 0209113
0302087 0209120
0302087 0209159
0302087 0209231
0302087 0210058
0302087 0210160
0302087 0210198
0302087 0211018
0302087 0212209
0302087 0301023
0302087 0301240
0302087 0302050
0302089 0212192
0302091 0211290
0302093 0211185
0302095 0302062
0302097 0209154
0302097 0301088
0302098 0210068
0302099 0212218
0302102 0302101
0302104 0208232
0302104 0209215
0302104 0210102
0302105 0209202
0302105 0209206
0302105 0209207
0302105 0210083
0302105 0210200
0302105 0210219
0302105 0211059
0302105 0212177
0302105 0212281
0302105 0301032
0302106 0210159
0302106 0210251
0302106 0211010
0302106 0211236
0302106 0302011
0302107 0210068
0302108 0212081
0302108 0212099
0302109 0211017
0302109 0302011
0302109 0302078
0302110 0210184
0302110 0212057
0302112 0210085
0302113 0212030
0302113 0212201
0302113 0301037
0302117 0209010
0302118 0211124
0302118 0212151
0302118 0301031
0302119 0212064
0302121 0209028
0302122 0209240
0302122 0210030
0302122 0302078
0302123 0212196
0302124 0302116
0302125 0211063
0302125 0211180
0302127 0209004
0302127 0209043
0302127 0209054
0302127 0209193
0302127 0209251
0302127 0210072
0302127 0210229
0302127 0210308
0302127 0210309
0302127 0211289
0302127 0212061
0302127 0212111
0302128 0210098
0302128 0210204
0302128 0211144
0302128 0212182
0302129 0302067
0302130 0211208
0302130 0212240
0302131 0211071
0302131 0211072
0302132 0211024
0302132 0211191
0302132 0212092
0302133 0211223
0302133 0212004
0302133 0301041
0302136 0209067
0302136 0210080
0302137 0209176
0302137 0209195
0302137 0210030
0302137 0210206
0302137 0210269
0302137 0211042
0302137 0211218
0302137 0212163
0302137 0212215
0302137 0212223
0302137 0212242
0302137 0301122
0302138 0212044
0302139 0302079
0302140 0301038
0302140 0301095
0302140 0301122
0302140 0302137
0302143 0209242
0302143 0212227
0302143 0302017
0302145 0209239
0302145 0210306
0302145 0211008
0302146 0209090
0302146 0211031
0302146 0212248
0302146 0301038
0302146 0301095
0302146 0301122
0302147 0211095
0302148 0210198
0302150 0209085
0302150 0210135
0302150 0210148
0302150 0210183
0302150 0210238
0302150 0210281
0302150 0210291
0302150 0211009
0302150 0211017
0302150 0211052
0302150 0211069
0302150 0211075
0302150 0211082
0302150 0211098
0302150 0211100
0302150 0211123
0302150 0211170
0302150 0211189
0302150 0211194
0302150 0211202
0302150 0211216
0302150 0211234
0302150 0211241
0302150 0211245
0302150 0211249
0302150 0211254
0302150 0211261
0302150 0211271
0302150 0211274
0302150 0211287
0302150 0211291
0302150 0212010
0302150 0212025
0302150 0212032
0302150 0212069
0302150 0212079
0302150 0212082
0302150 0212083
0302150 0212095
0302150 0212121
0302150 0212212
0302150 0212225
0302150 0212231
0302150 0212253
0302150 0212274
0302150 0301006
0302150 0301011
0302150 0301071
0302150 0301135
0302150 0301136
0302150 0301155
0302150 0301157
0302150 0301171
0302150 0301203
0302150 0301217
0302150 0301226
0302150 0302011
0302151 0210067
0302151 0211012
0302151 0211131
0302151 0211238
0302152 0212218
0302153 0211195
0302153 0212165
0302155 0210272
0302158 0209114
0302158 0211102
0302158 0211118
0302158 0212008
0302158 0212307
0302158 0301063
0302158 0301161
0302158 0302047
0302159 0210030
0302159 0210269
0302159 0210308
0302159 0210309
0302159 0211289
0302159 0212135
0302159 0212215
0302159 0212217
0302159 0212242
0302160 0301240
0302162 0212258
0302162 0301091
0302163 0211194
0302163 0212235
0302164 0212081
0302165 0209089
0302165 0209099
0302165 0210239
0302165 0212065
0302165 0302011
0302167 0301227
0302168 0209025
0302168 0210036
0302168 0210077
0302168 0210204
0302168 0211007
0302168 0211144
0302168 0212182
0302168 0302015
0302171 0209051
0302171 0210016
0302171 0212089
0302171 0212132
0302171 0212333
0302172 0210269
0302172 0210306
0302172 0211008
0302172 0211042
0302172 0212009
0302172 0212159
0302172 0212210
0302172 0212217
0302172 0212223
0302172 0301028
0302172 0302045
0302174 0209077
0302174 0210254
0302174 0211027
0302174 0211118
0302174 0211182
0302174 0212236
0302174 0301139
0302174 0301161
0302174 0301240
0302175 0211164
0302179 0211076
0302180 0209105
0302180 0210203
0302180 0211068
0302180 0212071
0302180 0212270
0302181 0211124
0302181 0212312
0302181 0301180
0302181 0301198
0302182 0209255
0302182 0211012
0302182 0301079
0302184 0209231
0302184 0210233
0302184 0211006
0302186 0212209
0302186 0212277
0302187 0301052
0302189 0210154
0302191 0210238
0302191 0211017
0302191 0211098
0302191 0211108
0302191 0211170
0302191 0211194
0302191 0211213
0302191 0302165
0302193 0210132
0302193 0212100
0302194 0211170
0302195 0301091
0302195 0302162
0302196 0209206
0302198 0301083
0302199 0301117
0302203 0209026
0302203 0212316
0302205 0210007
0302205 0211017
0302205 0211246
0302206 0210308
0302206 0210309
0302212 0210236
0302214 0211289
0302215 0209025
0302215 0210287
0302215 0302141
0302218 0210265
0302219 0212209
0302219 0301240
0302220 0211094
0302221 0209064
0302221 0209202
0302221 0210083
0302221 0210088
0302221 0210200
0302221 0210227
0302221 0211059
0302221 0211269
0302221 0212177
0302222 0210292
0302222 0301138
0302222 0302160
0302223 0212130
0302224 0212238
0302226 0209241
0302226 0212218
0302227 0211055
0302230 0210184
0302230 0212057
0302230 0302110
0303001 0210291
0303001 0211009
0303001 0211017
0303001 0211052
0303001 0211069
0303001 0211075
0303001 0211082
0303001 0211170
0303001 0211189
0303001 0211202
0303001 0211234
0303001 0211249
0303001 0211254
0303001 0211271
0303001 0211287
0303001 0212025
0303001 0212083
0303001 0212095
0303001 0212121
0303001 0212212
0303001 0212225
0303001 0212274
0303001 0301006
0303001 0301157
0303001 0301217
0303001 0302194
0303003 0209242
0303003 0302143
0303004 0302138
0303007 0209011
0303007 0210246
0303007 0211073
0303007 0211198
0303008 0209085
0303008 0210281
0303008 0211017
0303008 0211098
0303008 0211170
0303008 0211194
0303008 0211216
0303008 0211241
0303008 0211291
0303008 0212225
0303008 0301006
0303008 0301071
0303008 0301196
0303008 0301217
0303008 0302011
0303008 0303032
0303009 0302105
0303011 0209242
0303011 0212290
0303011 0301144
0303011 0302017
0303011 0302030
0303011 0302054
0303011 0302143
0303011 0302171
0303012 0212196
0303012 0302123
0303013 0210308
0303013 0210309
0303013 0211289
0303013 0212135
0303013 0212215
0303013 0302214
0303014 0209180
0303014 0212341
0303015 0209202
0303015 0210004
0303015 0210083
0303015 0210088
0303015 0210200
0303015 0210219
0303015 0211059
0303015 0211091
0303015 0212066
0303015 0212109
0303015 0212112
0303015 0212177
0303015 0212281
0303015 0301032
0303015 0302105
0303015 0302221
0303016 0210083
0303016 0210088
0303016 0210254
0303016 0211059
0303016 0211102
0303016 0211182
0303016 0212141
0303016 0212236
0303016 0301240
0303016 0302174
0303016 0302221
0303017 0210246
0303017 0211198
0303017 0301089
0303020 0212221
0303022 0209234
0303022 0210107
0303022 0212031
0303023 0209227
0303023 0302067
0303023 0302129
0303024 0209200
0303024 0210083
0303024 0210088
0303024 0211059
0303024 0211102
0303024 0211118
0303024 0211182
0303024 0212177
0303024 0212278
0303024 0301032
0303024 0301139
0303024 0301240
0303024 0302081
0303024 0302105
0303024 0303015
0303024 0303016
0303026 0302092
0303029 0301173
0303030 0212238
0303030 0212258
0303031 0210160
0303031 0211160
0303031 0212209
0303031 0301240
0303031 0302219
0303032 0209085
0303032 0210238
0303032 0210281
0303032 0211017
0303032 0211170
0303032 0211194
0303032 0211216
0303032 0211241
0303032 0211261
0303032 0211291
0303032 0212010
0303032 0212069
0303032 0212079
0303032 0212095
0303032 0212225
0303032 0301006
0303032 0301011
0303032 0301071
0303032 0301196
0303032 0301203
0303032 0301217
0303032 0301226
0303032 0302083
0303032 0302150
0303032 0303001
0303032 0303008
0303033 0209085
0303033 0209089
0303033 0209099
0303033 0210148
0303033 0210183
0303033 0210238
0303033 0210239
0303033 0211017
0303033 0211069
0303033 0211100
0303033 0211170
0303033 0211245
0303033 0212065
0303033 0301006
0303033 0301157
0303033 0302011
0303033 0302077
0303034 0302148
0303035 0209041
0303035 0209068
0303035 0209090
0303035 0209122
0303035 0210101
0303035 0210292
0303035 0210313
0303035 0211025
0303035 0211031
0303035 0211090
0303035 0211290
0303035 0212150
0303035 0212248
0303035 0301038
0303035 0301095
0303035 0301117
0303035 0301122
0303035 0301140
0303035 0301142
0303035 0302146
0303035 0303139
0303036 0301243
0303041 0209241
0303042 0209054
0303042 0209201
0303042 0210072
0303042 0302020
0303044 0210309
0303047 0208222
0303047 0211049
0303047 0211240
0303049 0210209
0303049 0211027
0303049 0211118
0303049 0211182
0303049 0212141
0303049 0212239
0303049 0212245
0303049 0301005
0303049 0301139
0303049 0301161
0303050 0210308
0303050 0210309
0303050 0211089
0303050 0211289
0303050 0212017
0303050 0212256
0303050 0212297
0303052 0209028
0303053 0209148
0303053 0211061
0303054 0210281
0303054 0211017
0303054 0211170
0303054 0211216
0303054 0211241
0303054 0212225
0303054 0301006
0303055 0209201
0303057 0209034
0303057 0209068
0303057 0209090
0303057 0209122
0303057 0211180
0303057 0212248
0303057 0301038
0303057 0301101
0303057 0301179
0303057 0302146
0303059 0301146
0303060 0208231
0303060 0209002
0303060 0209215
0303060 0209244
0303060 0209263
0303060 0210102
0303060 0210153
0303060 0210246
0303060 0211032
0303060 0211198
0303060 0211220
0303060 0212118
0303060 0212208
0303060 0212269
0303060 0301036
0303060 0301058
0303060 0301104
0303060 0301150
0303060 0301250
0303060 0302064
0303061 0303005
0303063 0211017
0303063 0211170
0303063 0211216
0303063 0211241
0303063 0302011
0303063 0302109
0303064 0209105
0303064 0211165
0303064 0212262
0303065 0210135
0303065 0211017
0303065 0211069
0303065 0211170
0303065 0211287
0303065 0212010
0303065 0212082
0303065 0212212
0303065 0212225
0303065 0212274
0303065 0301006
0303065 0301157
0303065 0301217
0303065 0302150
0303065 0303001
0303066 0211170
0303068 0209066
0303069 0209071
0303072 0211152
0303073 0211200
0303074 0210135
0303074 0210238
0303074 0210281
0303074 0211017
0303074 0211069
0303074 0211170
0303074 0211189
0303074 0211216
0303074 0211241
0303074 0212082
0303074 0212225
0303074 0301006
0303074 0301217
0303074 0303001
0303075 0211065
0303075 0301255
0303079 0210278
0303079 0211158
0303079 0301243
0303080 0301100
0303083 0209202
0303083 0210200
0303083 0210219
0303083 0211059
0303083 0211269
0303083 0212112
0303083 0212177
0303083 0302105
0303083 0302221
0303083 0303015
0303084 0303053
0303085 0209114
0303085 0212008
0303085 0301206
0303087 0209029
0303087 0209090
0303087 0210001
0303087 0212096
0303087 0212248
0303087 0301038
0303087 0301240
0303087 0302219
0303088 0212267
0303089 0210017
0303089 0212047
0303089 0212126
0303090 0211171
0303091 0210073
0303093 0302007
0303093 0302199
0303095 0209036
0303095 0209076
0303095 0209152
0303095 0209158
0303095 0209261
0303095 0210029
0303095 0210057
0303095 0210066
0303095 0210250
0303095 0210292
0303095 0211200
0303095 0212067
0303095 0212132
0303095 0301072
0303095 0301165
0303095 0301198
0303097 0301095
0303097 0304124
0303097 0304177
0303101 0210025
0303102 0303075
0303103 0209113
0303103 0209159
0303103 0209231
0303103 0210058
0303103 0210186
0303103 0211006
0303103 0302050
0303103 0302184
0303104 0209089
0303104 0211017
0303104 0211170
0303104 0211249
0303104 0211261
0303104 0211271
0303104 0211291
0303104 0212069
0303104 0212082
0303104 0212225
0303104 0302194
0303105 0209248
0303107 0208231
0303107 0208232
0303107 0209002
0303107 0209215
0303107 0210102
0303107 0210153
0303107 0211032
0303107 0211188
0303107 0301036
0303107 0301150
0303107 0301250
0303107 0302064
0303109 0212235
0303109 0302163
0303110 0209041
0303111 0211284
0303113 0209205
0303113 0210011
0303113 0212216
0303113 0212239
0303114 0210184
0303114 0302110
0303115 0210135
0303115 0210183
0303115 0210291
0303115 0211009
0303115 0211017
0303115 0211052
0303115 0211069
0303115 0211075
0303115 0211082
0303115 0211123
0303115 0211170
0303115 0211189
0303115 0211202
0303115 0211234
0303115 0211249
0303115 0211254
0303115 0211271
0303115 0211274
0303115 0211287
0303115 0212025
0303115 0212079
0303115 0212083
0303115 0212095
0303115 0212121
0303115 0212212
0303115 0212225
0303115 0212231
0303115 0212274
0303115 0301006
0303115 0301135
0303115 0301157
0303115 0301217
0303115 0301226
0303115 0302150
0303115 0303001
0303115 0303008
0303115 0303032
0303115 0303033
0303115 0303054
0303115 0303065
0303115 0303074
0303115 0303104
0303116 0210184
0303117 0302199
0303119 0209118
0303119 0210203
0303119 0212071
0303119 0301112
0303119 0302180
0303120 0211232
0303120 0211272
0303124 0211059
0303124 0211091
0303124 0211182
0303124 0212112
0303124 0212177
0303124 0212281
0303124 0302105
0303124 0302221
0303124 0303009
0303124 0303015
0303124 0303083
0303125 0210184
0303125 0212222
0303125 0303116
0303126 0212158
0303127 0211102
0303127 0211118
0303127 0212008
0303127 0301063
0303127 0302047
0303127 0302158
0303128 0212064
0303130 0303132
0303131 0209101
0303131 0303073
0303132 0303130
0303133 0209034
0303133 0209222
0303133 0211090
0303133 0212248
0303133 0301049
0303133 0301076
0303133 0301101
0303133 0301179
0303134 0210196
0303134 0212303
0303134 0301251
0303134 0302156
0303135 0211182
0303135 0301139
0303135 0301240
0303135 0303016
0303137 0209217
0303138 0210054
0303138 0210231
0303138 0211063
0303138 0211212
0303138 0212059
0303138 0301162
0303139 0209090
0303139 0209122
0303139 0209222
0303139 0209255
0303139 0212248
0303139 0301038
0303139 0301049
0303139 0301137
0303139 0301179
0303139 0302146
0303139 0303035
0303139 0303057
0303140 0209114
0303140 0301206
0303141 0210041
0303144 0209089
0303144 0209099
0303144 0210135
0303144 0210148
0303144 0210183
0303144 0210238
0303144 0210239
0303144 0210291
0303144 0211009
0303144 0211017
0303144 0211052
0303144 0211069
0303144 0211075
0303144 0211082
0303144 0211100
0303144 0211123
0303144 0211170
0303144 0211194
0303144 0211202
0303144 0211234
0303144 0211249
0303144 0211254
0303144 0211259
0303144 0211261
0303144 0211271
0303144 0211287
0303144 0211291
0303144 0212010
0303144 0212025
0303144 0212032
0303144 0212065
0303144 0212069
0303144 0212079
0303144 0212082
0303144 0212083
0303144 0212095
0303144 0212121
0303144 0212212
0303144 0212225
0303144 0212231
0303144 0212274
0303144 0301006
0303144 0301011
0303144 0301157
0303144 0301203
0303144 0301226
0303144 0302077
0303144 0302083
0303144 0302150
0303144 0303001
0303144 0303008
0303144 0303032
0303144 0303033
0303144 0303065
0303144 0303074
0303144 0303104
0303144 0303115
0303145 0212070
0303148 0301146
0303148 0303059
0303151 0211058
0303151 0211103
0303151 0212293
0303151 0301110
0303151 0302028
0303152 0209064
0303152 0211111
0303152 0212191
0303152 0212198
0303152 0212219
0303153 0209043
0303153 0209193
0303153 0209219
0303153 0210158
0303153 0211139
0303153 0212343
0303153 0301090
0303155 0212206
0303155 0301218
0303156 0210206
0303156 0210269
0303156 0211042
0303156 0211218
0303156 0212009
0303156 0212210
0303156 0212217
0303157 0209159
0303157 0212072
0303157 0212089
0303157 0212277
0303160 0211142
0303160 0212193
0303161 0209244
0303161 0210047
0303163 0302116
0303164 0301123
0303165 0209115
0303165 0302021
0303167 0210053
0303168 0211193
0303170 0210292
0303170 0211181
0303170 0212204
0303172 0209034
0303172 0209090
0303172 0209122
0303172 0209217
0303172 0209222
0303172 0209239
0303172 0209255
0303172 0211031
0303172 0211042
0303172 0211090
0303172 0211180
0303172 0212150
0303172 0212248
0303172 0301038
0303172 0301049
0303172 0301095
0303172 0301101
0303172 0301122
0303172 0301179
0303172 0302146
0303172 0303035
0303172 0303057
0303172 0303133
0303172 0303139
0303173 0210030
0303173 0210209
0303173 0211182
0303174 0211090
0303175 0209196
0303175 0301053
0303176 0212026
0303178 0212081
0303178 0212346
0303182 0209193
0303182 0210230
0303182 0210262
0303182 0211011
0303182 0212017
0303182 0301089
0303182 0301253
0303183 0209160
0303183 0211029
0303183 0301120
0303184 0209045
0303184 0212230
0303185 0209057
0303185 0209079
0303185 0210162
0303185 0211026
0303185 0211111
0303185 0212114
0303185 0301173
0303185 0301240
0303185 0302104
0303185 0302111
0303185 0302219
0303186 0210288
0303186 0212122
0303187 0209052
0303190 0210251
0303190 0302011
0303190 0302106
0303190 0302146
0303191 0209150
0303191 0209163
0303191 0209230
0303191 0210041
0303191 0210068
0303191 0211142
0303191 0212139
0303191 0212193
0303191 0301118
0303191 0301171
0303193 0209009
0303193 0209081
0303193 0209193
0303193 0210212
0303193 0210230
0303193 0211011
0303193 0211029
0303193 0212002
0303193 0212052
0303193 0212087
0303193 0212184
0303193 0212343
0303193 0301089
0303193 0301206
0303193 0301253
0303193 0303182
0303194 0211160
0303194 0211170
0303194 0211269
0303194 0212294
0303194 0301006
0303194 0301139
0303194 0301240
0303194 0303024
0303196 0303120
0303197 0209202
0303197 0210200
0303197 0210219
0303197 0211059
0303197 0211269
0303197 0212112
0303197 0212177
0303197 0302105
0303197 0302221
0303197 0303015
0303197 0303083
0303197 0303124
0303198 0210127
0303198 0211269
0303198 0212211
0303198 0212299
0303198 0301032
0303198 0301231
0303198 0302105
0303199 0209241
0303199 0209255
0303199 0211131
0303199 0211238
0303199 0301094
0303199 0302151
0303199 0302182
0303202 0210114
0303202 0212138
0303202 0212181
0303202 0302063
0303203 0210029
0303203 0210066
0303203 0210250
0303203 0301072
0303203 0301165
0303203 0302069
0303204 0211059
0303204 0211090
0303204 0211180
0303204 0301032
0303204 0302222
0303204 0303172
0303205 0211001
0303206 0211242
0303206 0301113
0303207 0210096
0303207 0210183
0303207 0210291
0303207 0211009
0303207 0211052
0303207 0211075
0303207 0211082
0303207 0211170
0303207 0211189
0303207 0211202
0303207 0211234
0303207 0211249
0303207 0211254
0303207 0211271
0303207 0211287
0303207 0212025
0303207 0212083
0303207 0212095
0303207 0212225
0303207 0212274
0303207 0301006
0303207 0301217
0303207 0303065
0303207 0303115
0303207 0303144
0303208 0209202
0303208 0210200
0303208 0211059
0303208 0211170
0303208 0211269
0303208 0212112
0303208 0212177
0303208 0302221
0303208 0303197
0303209 0301009
0303209 0303102
0303210 0211017
0303210 0211170
0303210 0211272
0303211 0302218
0303211 0303140
0303212 0210230
0303213 0212239
0303213 0212255
0303213 0212323
0303214 0209090
0303214 0209145
0303214 0209265
0303214 0210269
0303214 0211011
0303214 0211042
0303214 0211218
0303214 0211289
0303214 0212135
0303214 0212188
0303214 0212217
0303214 0302159
0303214 0303039
0303220 0208231
0303220 0208232
0303220 0209002
0303220 0209215
0303220 0209244
0303220 0209263
0303220 0210102
0303220 0210153
0303220 0210246
0303220 0211073
0303220 0211198
0303220 0211217
0303220 0211220
0303220 0212118
0303220 0212208
0303220 0212269
0303220 0301250
0303220 0303007
0303220 0303060
0303221 0209090
0303221 0212248
0303221 0301038
0303221 0302146
0303221 0303087
0303221 0303139
0303222 0209251
0303223 0208231
0303223 0208232
0303223 0209193
0303223 0209215
0303223 0210102
0303223 0210153
0303223 0210230
0303223 0210246
0303223 0211011
0303223 0211198
0303223 0212118
0303223 0212145
0303223 0212184
0303223 0212269
0303223 0301089
0303223 0301253
0303223 0302060
0303223 0303182
0303223 0303212
0303225 0212136
0303227 0210053
0303229 0210244
0303229 0212081
0303230 0210183
0303230 0210238
0303230 0211017
0303230 0211075
0303230 0211082
0303230 0211170
0303230 0212025
0303230 0301240
0303230 0302219
0303230 0303033
0303230 0303194
0303232 0209090
0303232 0211090
0303232 0212150
0303232 0301095
0303232 0301122
0303232 0302146
0303232 0303035
0303232 0303172
0303233 0209225
0303233 0301047
0303234 0211269
0303234 0212294
0303234 0301240
0303234 0303194
0303235 0211076
0303236 0209232
0303236 0211127
0303236 0212063
0303236 0301117
0303237 0209047
0303237 0209116
0303237 0209224
0303237 0210122
0303237 0210218
0303237 0211197
0303237 0212061
0303237 0212147
0303237 0212228
0303237 0301178
0303237 0302005
0303238 0301095
0303238 0302140
0303238 0303097
0303239 0209041
0303239 0209068
0303239 0210101
0303239 0210292
0303239 0210313
0303239 0301117
0303239 0301140
0303239 0301142
0303239 0303057
0303241 0303062
0303243 0302021
0303244 0209162
0303245 0209122
0303245 0211168
0303245 0301094
0303245 0301117
0303245 0301140
0303245 0301142
0303248 0209239
0303248 0211008
0303248 0211172
0303248 0302145
0303248 0302172
0303248 0303072
0303249 0211222
0303249 0212136
0303251 0209236
0303251 0209237
0303251 0211014
0303251 0211144
0303251 0302128
0303251 0302168
0303252 0301218
0303253 0209205
0303253 0303113
0303255 0210230
0303255 0210262
0303255 0211011
0303255 0211122
0303255 0212052
0303255 0212184
0303255 0212343
0303255 0301089
0303255 0301253
0303255 0302060
0303255 0303182
0303256 0209010
0303256 0209139
0303256 0209153
0303256 0210163
0303256 0211041
0303256 0211129
0303256 0211148
0303256 0211193
0303256 0211225
0303256 0211238
0303256 0211263
0303256 0212328
0303256 0301047
0303256 0301176
0303256 0301213
0303257 0301128
0303258 0211155
0303258 0302009
0303262 0210207
0303264 0210081
0303265 0209132
0303266 0209114
0303266 0212186
0303266 0212200
0303266 0301125
0303266 0303031
0303267 0210076
0303267 0210184
0303267 0302110
0303267 0303114
0303268 0210281
0303268 0211017
0303268 0211069
0303268 0211100
0303268 0211123
0303268 0211170
0303268 0211189
0303268 0211254
0303268 0211261
0303268 0211291
0303268 0212069
0303268 0212079
0303268 0212082
0303268 0212095
0303268 0212225
0303268 0212274
0303268 0301006
0303268 0302150
0303268 0303001
0303268 0303008
0303268 0303032
0303268 0303065
0303268 0303104
0303268 0303207
0303269 0210292
0303269 0302222
0303270 0212081
0304001 0209077
0304001 0210131
0304001 0210209
0304001 0211102
0304001 0211118
0304001 0211182
0304001 0212278
0304001 0212307
0304001 0301139
0304001 0301161
0304001 0301240
0304001 0302158
0304001 0303194
0304002 0212039
0304004 0212067
0304004 0212312
0304004 0301010
0304004 0301144
0304004 0303073
0304005 0211012
0304005 0211131
0304005 0211238
0304005 0302151
0304007 0211292
0304007 0212210
0304007 0303170
0304009 0301110
0304012 0303067
0304013 0209098
0304013 0209241
0304013 0210043
0304013 0212042
0304014 0209050
0304018 0209210
0304018 0209241
0304018 0210231
0304018 0210302
0304018 0211238
0304018 0211266
0304018 0212059
0304018 0212188
0304018 0301229
0304018 0302081
0304018 0302200
0304019 0210127
0304019 0211269
0304019 0212299
0304019 0301032
0304019 0302105
0304019 0303198
0304020 0210114
0304020 0301235
0304022 0210265
0304022 0212037
0304022 0302218
0304022 0303140
0304022 0303211
0304023 0211061
0304025 0208231
0304025 0209002
0304025 0209215
0304025 0209263
0304025 0210102
0304025 0210153
0304025 0210246
0304025 0211188
0304025 0212269
0304025 0301036
0304025 0301150
0304025 0301250
0304025 0302060
0304025 0302064
0304025 0303107
0304026 0210050
0304026 0210236
0304027 0211022
0304027 0211057
0304027 0302036
0304027 0302065
0304028 0209002
0304028 0209047
0304028 0209211
0304028 0210091
0304028 0210115
0304028 0210256
0304028 0212147
0304028 0212208
0304028 0303060
0304029 0212148
0304030 0210030
0304030 0210269
0304030 0302049
0304032 0211107
0304033 0211200
0304033 0303073
0304035 0209047
0304035 0209095
0304035 0209116
0304035 0209224
0304035 0210091
0304035 0210115
0304035 0210122
0304035 0210218
0304035 0211197
0304035 0212147
0304035 0301178
0304037 0209104
0304037 0210173
0304037 0210297
0304039 0210128
0304040 0209242
0304040 0212227
0304040 0302017
0304040 0302067
0304040 0302143
0304044 0211131
0304044 0211238
0304044 0302151
0304045 0209034
0304045 0209122
0304045 0210231
0304045 0212215
0304045 0212248
0304045 0301038
0304045 0303035
0304045 0303057
0304045 0303139
0304045 0303221
0304045 0303239
0304046 0210007
0304046 0210146
0304046 0210241
0304046 0211067
0304046 0302205
0304047 0302090
0304049 0210114
0304049 0212185
0304049 0301068
0304049 0301235
0304049 0303036
0304050 0302225
0304051 0209036
0304051 0211112
0304051 0212102
0304051 0302069
0304051 0303068
0304052 0209071
0304052 0212313
0304056 0209066
0304056 0211268
0304056 0212023
0304056 0303125
0304057 0210033
0304057 0212101
0304057 0212222
0304058 0212180
0304060 0210187
0304060 0210252
0304061 0209089
0304061 0209138
0304061 0210238
0304061 0211017
0304061 0211100
0304061 0211170
0304061 0301006
0304061 0301136
0304061 0302011
0304061 0302165
0304062 0209002
0304062 0209215
0304064 0209114
0304064 0211290
0304064 0212008
0304066 0303158
0304067 0211158
0304067 0211233
0304067 0303079
0304068 0304204
0304069 0302199
0304069 0303117
0304070 0209051
0304070 0211028
0304070 0302085
0304072 0210187
0304072 0210252
0304073 0210056
0304073 0212292
0304076 0210017
0304076 0301026
0304076 0303089
0304077 0209246
0304079 0209202
0304079 0210200
0304079 0211059
0304079 0211269
0304079 0212177
0304079 0302221
0304079 0303083
0304079 0303124
0304080 0212072
0304080 0301173
0304080 0303029
0304083 0301167
0304084 0301095
0304084 0303097
0304084 0303232
0304084 0303238
0304087 0212204
0304087 0212303
0304087 0302156
0304088 0212336
0304089 0301095
0304089 0303097
0304089 0303238
0304089 0304124
0304089 0304177
0304090 0209254
0304090 0212258
0304090 0303030
0304092 0211001
0304092 0303205
0304093 0210114
0304093 0302106
0304095 0209087
0304095 0212051
0304099 0209071
0304099 0303069
0304101 0211022
0304101 0304027
0304103 0211147
0304105 0209254
0304105 0211165
0304105 0212259
0304105 0212321
0304105 0301106
0304106 0209028
0304107 0212041
0304107 0212254
0304107 0304062
0304108 0209068
0304108 0209090
0304108 0209122
0304108 0212248
0304108 0301038
0304108 0301049
0304108 0301101
0304108 0302146
0304108 0303035
0304108 0303057
0304108 0303133
0304108 0303139
0304108 0304045
0304114 0208232
0304114 0209002
0304114 0209215
0304114 0210102
0304114 0210153
0304114 0210246
0304114 0211011
0304114 0211032
0304114 0211122
0304114 0211188
0304114 0211198
0304114 0211220
0304114 0212184
0304114 0212269
0304114 0301150
0304114 0301250
0304114 0303060
0304114 0303220
0304114 0303223
0304114 0304025
0304115 0303066
0304116 0301248
0304117 0210178
0304117 0212024
0304118 0209026
0304118 0302078
0304118 0302109
0304119 0209089
0304119 0210148
0304119 0210183
0304119 0210281
0304119 0211017
0304119 0211170
0304119 0211261
0304119 0211291
0304119 0212010
0304119 0212069
0304119 0212225
0304119 0212231
0304119 0212253
0304119 0301006
0304119 0301011
0304119 0301203
0304119 0301226
0304119 0302083
0304119 0302150
0304119 0302194
0304119 0303001
0304119 0303032
0304119 0303065
0304119 0303104
0304119 0303207
0304119 0303268
0304119 0304061
0304120 0209098
0304120 0210208
0304120 0210262
0304120 0211137
0304121 0210278
0304121 0301243
0304123 0211170
0304123 0212225
0304123 0301006
0304123 0301231
0304123 0302011
0304123 0303008
0304123 0303032
0304123 0303207
0304123 0303268
0304124 0301095
0304124 0301117
0304124 0303097
0304124 0303232
0304124 0303238
0304124 0304084
0304124 0304089
0304125 0211149
0304126 0211118
0304126 0301161
0304126 0302158
0304126 0304001
0304127 0302163
0304127 0303109
0304128 0210124
0304129 0303249
0304131 0302199
0304131 0303011
0304131 0303117
0304131 0303203
0304131 0304069
0304132 0209114
0304132 0212008
0304134 0210204
0304134 0211144
0304134 0302015
0304134 0302168
0304135 0301173
0304136 0212146
0304138 0210135
0304138 0211017
0304138 0211100
0304138 0211123
0304138 0211170
0304138 0211254
0304138 0211261
0304138 0211291
0304138 0212069
0304138 0212225
0304138 0302194
0304138 0303001
0304138 0303032
0304138 0303104
0304138 0303268
0304138 0304119
0304138 0304123
0304139 0209047
0304139 0209095
0304139 0209116
0304139 0209251
0304139 0212208
0304140 0212234
0304140 0301045
0304142 0210207
0304142 0303262
0304143 0210105
0304143 0210157
0304143 0211030
0304143 0302071
0304144 0210188
0304145 0209068
0304145 0209090
0304145 0209122
0304145 0210139
0304145 0212248
0304145 0301038
0304145 0301049
0304145 0301076
0304145 0301142
0304145 0302146
0304145 0303035
0304145 0303133
0304145 0303139
0304145 0303204
0304145 0303239
0304145 0304045
0304145 0304108
0304147 0212091
0304147 0212101
0304147 0301168
0304147 0302067
0304147 0302129
0304147 0303023
0304147 0303247
0304148 0210184
0304148 0212222
0304148 0301116
0304148 0303116
0304148 0303125
0304150 0212215
0304150 0212277
0304152 0302170
0304153 0303269
0304156 0212162
0304157 0211282
0304158 0210155
0304158 0210199
0304158 0211238
0304158 0304018
0304160 0210114
0304160 0212324
0304160 0304107
0304163 0209034
0304163 0209122
0304163 0209197
0304163 0209222
0304163 0211090
0304163 0301137
0304163 0302182
0304163 0303139
0304165 0304104
0304166 0211167
0304166 0212330
0304166 0301224
0304168 0210016
0304168 0210292
0304169 0209193
0304169 0210035
0304169 0210234
0304169 0211073
0304169 0211089
0304169 0211195
0304169 0212135
0304169 0212223
0304169 0301080
0304169 0302060
0304169 0303007
0304169 0303212
0304169 0303222
0304171 0210157
0304171 0303204
0304172 0301095
0304172 0301117
0304172 0303097
0304172 0303238
0304172 0304084
0304172 0304089
0304172 0304124
0304173 0211042
0304173 0212217
0304173 0302159
0304173 0303214
0304174 0211088
0304177 0303097
0304177 0303238
0304177 0304084
0304177 0304089
0304177 0304124
0304178 0210281
0304178 0211170
0304178 0212162
0304178 0301042
0304178 0304018
0304180 0209034
0304180 0209041
0304180 0209068
0304180 0209122
0304180 0209222
0304180 0210101
0304180 0210229
0304180 0211090
0304180 0212215
0304180 0212248
0304180 0301049
0304180 0301076
0304180 0301094
0304180 0301142
0304180 0303035
0304180 0303057
0304180 0303133
0304180 0303139
0304180 0303172
0304180 0304045
0304180 0304108
0304180 0304145
0304181 0209114
0304181 0210234
0304181 0211206
0304181 0212002
0304181 0212087
0304181 0212210
0304181 0301187
0304181 0301206
0304183 0208231
0304183 0209002
0304183 0209251
0304183 0210246
0304183 0301036
0304183 0304025
0304184 0209085
0304184 0211100
0304184 0211123
0304184 0211170
0304184 0211245
0304184 0211254
0304184 0211259
0304184 0211291
0304184 0212032
0304184 0212253
0304184 0301006
0304184 0301071
0304184 0301135
0304184 0301136
0304184 0302011
0304184 0303207
0304184 0303210
0304185 0212129
0304187 0209261
0304187 0212290
0304187 0212317
0304187 0301076
0304187 0301101
0304187 0301140
0304187 0301142
0304187 0302223
0304187 0304180
0304187 0304197
0304188 0303269
0304191 0209145
0304191 0210246
0304191 0211188
0304191 0301036
0304191 0303044
0304191 0303055
0304191 0303107
0304191 0304025
0304192 0209090
0304192 0209122
0304192 0209222
0304192 0209255
0304192 0212248
0304192 0301038
0304192 0301049
0304192 0301137
0304192 0301179
0304192 0302146
0304192 0303139
0304193 0211155
0304193 0302009
0304194 0302090
0304195 0209142
0304195 0209206
0304195 0209232
0304195 0211103
0304195 0212175
0304195 0302192
0304195 0302196
0304196 0210292
0304196 0303035
0304197 0209068
0304197 0209122
0304197 0209232
0304197 0301101
0304197 0303035
0304197 0303057
0304197 0303139
0304197 0303239
0304197 0304045
0304197 0304108
0304197 0304180
0304198 0210308
0304198 0210309
0304198 0211289
0304198 0212111
0304198 0212135
0304198 0304169
0304199 0301240
0304201 0212227
0304202 0212162
0304203 0304188
0304206 0212256
0304206 0212291
0304207 0303143
0304208 0210114
0304208 0210195
0304208 0211113
0304208 0211222
0304208 0212041
0304208 0212181
0304208 0302063
0304208 0303249
0304208 0304062
0304208 0304093
0304208 0304107
0304209 0212054
0304210 0212008
0304210 0212159
0304210 0302145
0304210 0302172
0304211 0301110
0304211 0303151
0304212 0302105
0304212 0303009
0304213 0209090
0304213 0209197
0304213 0209222
0304213 0211063
0304213 0301137
0304213 0302146
0304213 0303139
0304213 0304163
0304213 0304192
0304215 0209166
0304216 0211124
0304216 0212151
0304216 0301180
0304216 0302181
0304217 0210093
0304217 0210114
0304217 0211092
0304217 0211113
0304217 0212138
0304217 0212181
0304217 0212185
0304217 0302063
0304217 0304049
0304219 0210279
0304219 0303096
0304220 0211160
0304220 0212294
0304220 0301240
0304220 0302219
0304220 0303067
0304220 0303194
0304221 0209115
0304221 0211170
0304221 0211241
0304221 0302011
0304221 0302021
0304221 0303063
0304221 0303165
0304224 0209090
0304224 0209122
0304224 0212194
0304224 0301038
0304224 0302146
0304224 0303035
0304224 0303057
0304224 0303139
0304224 0304045
0304224 0304108
0304224 0304192
0304225 0211048
0304225 0301095
0304225 0301240
0304225 0303097
0304225 0303238
0304225 0304084
0304225 0304089
0304225 0304124
0304225 0304172
0304225 0304177
0304226 0209122
0304226 0210101
0304226 0301140
0304226 0304153
0304227 0211017
0304227 0211170
0304227 0211216
0304227 0211241
0304227 0302109
0304227 0303063
0304228 0209169
0304228 0210278
0304229 0209226
0304229 0209227
0304229 0212222
0304230 0212242
0304230 0301110
0304230 0302217
0304230 0303051
0304230 0303222
0304230 0304254
0304231 0210198
0304231 0302148
0304231 0303034
0304232 0208231
0304232 0208232
0304232 0209002
0304232 0209011
0304232 0209215
0304232 0209244
0304232 0209263
0304232 0210102
0304232 0210153
0304232 0210246
0304232 0211032
0304232 0211073
0304232 0211188
0304232 0211198
0304232 0211217
0304232 0211220
0304232 0212208
0304232 0212269
0304232 0301036
0304232 0301150
0304232 0301250
0304232 0302064
0304232 0303060
0304232 0303107
0304232 0303220
0304232 0303223
0304232 0304025
0304232 0304114
0304233 0210178
0304233 0212024
0304233 0212256
0304233 0212346
0304233 0304206
0304234 0212199
0304234 0212242
0304235 0304175
0304236 0211289
0304236 0301003
0304237 0211180
0304237 0301032
0304237 0301138
0304237 0302222
0304237 0303204
0304239 0209145
0304239 0209265
0304239 0210158
0304239 0211201
0304239 0301035
0304239 0301186
0304241 0209120
0304241 0209176
0304241 0212002
0304241 0212087
0304241 0212215
0304241 0212223
0304241 0212248
0304241 0301206
0304241 0302052
0304241 0302137
0304241 0304181
0304242 0303112
0304243 0301177
0304246 0212256
0304246 0212291
0304246 0301017
0304246 0303179
0304246 0304206
0304247 0211017
0304247 0211170
0304247 0212010
0304247 0212032
0304247 0212069
0304247 0301136
0304247 0302011
0304247 0302150
0304247 0304061
0304249 0209025
0304249 0210036
0304249 0210077
0304249 0211007
0304249 0211144
0304249 0212182
0304249 0302168
0304249 0303251
0304250 0209076
0304250 0210217
0304250 0212292
0304251 0209089
0304251 0209099
0304251 0211100
0304251 0211170
0304251 0301006
0304251 0303207
0304251 0303268
0304251 0304123
0304253 0212186
0304253 0303266
0304254 0301110
0304254 0303051
0304254 0304230
0304255 0209224
0304255 0211032
0304255 0212208
0304255 0212269
0304255 0304028
0304255 0304139
0304255 0304198
0304256 0209190
0304256 0209206
0304256 0210209
0304256 0212091
0304256 0302067
0304256 0302129
0304256 0304147
0304257 0210196
0304257 0212117
0304257 0212204
0304257 0212303
0304257 0301062
0304257 0301244
0304257 0304087
0304258 0209202
0304258 0210200
0304258 0210219
0304258 0211059
0304258 0212112
0304258 0212177
0304258 0212221
0304258 0303015
0304258 0303020
0304258 0303197
0304258 0303208
0304259 0209226
0304259 0211131
0304259 0301094
0304259 0303035
0304259 0303139
0304259 0304192
0304260 0302093
0304261 0211012
0304261 0301079
0304261 0302182
0304262 0209227
0304262 0303095
0304262 0303096
0304262 0304057
0304262 0304219
0304263 0211180
0304263 0301094
0304263 0303057
0304263 0303256
0304264 0210310
0304266 0302030
0304267 0210081
0304268 0212258
0304268 0301091
0304268 0302162
0304268 0302195
0304269 0210062
0304269 0303048
0304270 0304005
0304271 0209089
0304271 0209099
0304271 0209138
0304271 0210238
0304271 0211017
0304271 0211170
0304271 0211261
0304271 0211291
0304271 0302011
0304271 0302109
0304271 0302194
0304271 0303001
0304271 0303032
0304271 0303063
0304271 0303104
0304271 0303210
0304271 0304061
0304271 0304119
0304271 0304138
